This file records all the information about the clusters in the pool and other details about the clusters in the pool. 
--------------------------------
OVERALL DETAILS
Collection name: Population
--------------------------------
GA Iteration: 0
Clusters in Pool:	1(0)	2(0)	3(0)	4(0)	5(0)	6(0)	7(0)	8(0)	9(0)	10(0)	11(0)	12(0)	13(0)	14(0)	15(0)	16(0)	17(0)	18(0)	19(0)	20(0)	
Energies of Clusters:	-103.5638271845	-103.6329709058	-103.2389139749	-103.5209070178	-104.6038307661	-104.5571546461	-105.0839450137	-102.8709408127	-103.1223652328	-104.2123617334	-103.3741008029	-104.1847130319	-104.2802192802	-102.6792610598	-103.6902314529	-103.4705327905	-104.5267146524	-104.0804762677	-103.0935867282	-104.7502567238	
GA Iteration: 1
Clusters in Pool:	1(0)	2(0)	21(1)	4(0)	5(0)	6(0)	35(1)	31(1)	34(1)	10(0)	27(1)	12(0)	13(0)	25(1)	15(0)	16(0)	17(0)	29(1)	30(1)	22(1)	
Energies of Clusters:	-103.5638271845	-103.6329709058	-104.4916771224	-103.5209070178	-104.6038307661	-104.5571546461	-105.0883618415	-104.7249756149	-104.6578871929	-104.2123617334	-104.4182415761	-104.1847130319	-104.2802192802	-104.9343853835	-103.6902314529	-103.4705327905	-104.5267146524	-104.0890721857	-104.6978578998	-104.7597733744	
GA Iteration: 2
Clusters in Pool:	44(2)	43(2)	21(1)	52(2)	5(0)	6(0)	41(2)	45(2)	50(2)	10(0)	27(1)	12(0)	13(0)	38(2)	47(2)	48(2)	17(0)	29(1)	30(1)	22(1)	
Energies of Clusters:	-105.1534745707	-104.8656655829	-104.4916771224	-105.2623266033	-104.6038307661	-104.5571546461	-105.0973137897	-104.7346678422	-104.6585451533	-104.2123617334	-104.4182415761	-104.1847130319	-104.2802192802	-104.9585920422	-104.4599857936	-105.3602373662	-104.5267146524	-104.0890721857	-104.6978578998	-104.7597733744	
GA Iteration: 3
Clusters in Pool:	44(2)	59(3)	21(1)	62(3)	5(0)	6(0)	41(2)	45(2)	50(2)	60(3)	68(3)	58(3)	63(3)	38(2)	66(3)	48(2)	17(0)	55(3)	30(1)	22(1)	
Energies of Clusters:	-105.1534745707	-104.8761984033	-104.4916771224	-105.2627041693	-104.6038307661	-104.5571546461	-105.0973137897	-104.7346678422	-104.6585451533	-105.0656805694	-104.9188200619	-105.1881512228	-105.028396658	-104.9585920422	-104.8374570983	-105.3602373662	-104.5267146524	-105.301911348	-104.6978578998	-104.7597733744	
GA Iteration: 4
Clusters in Pool:	44(2)	59(3)	79(4)	62(3)	5(0)	81(4)	74(4)	75(4)	69(4)	60(3)	68(3)	58(3)	63(3)	38(2)	66(3)	84(4)	73(4)	55(3)	30(1)	78(4)	
Energies of Clusters:	-105.1534745707	-104.8761984033	-105.5962663332	-105.2627041693	-104.6038307661	-104.5635822123	-105.1005511377	-104.7414593602	-104.666949266	-105.0656805694	-104.9188200619	-105.1881512228	-105.028396658	-104.9585920422	-104.8374570983	-105.3603527162	-105.2247479592	-105.301911348	-104.6978578998	-104.7821045108	
GA Iteration: 5
Clusters in Pool:	96(5)	59(3)	79(4)	62(3)	95(5)	85(5)	74(4)	75(4)	69(4)	60(3)	68(3)	58(3)	63(3)	38(2)	90(5)	87(5)	73(4)	55(3)	30(1)	94(5)	
Energies of Clusters:	-105.1573608162	-104.8761984033	-105.5962663332	-105.2627041693	-105.1272885306	-105.4330972965	-105.1005511377	-104.7414593602	-104.666949266	-105.0656805694	-104.9188200619	-105.1881512228	-105.028396658	-104.9585920422	-104.8493942039	-105.3836011151	-105.2247479592	-105.301911348	-104.6978578998	-104.8015116143	
GA Iteration: 6
Clusters in Pool:	96(5)	59(3)	79(4)	62(3)	95(5)	85(5)	74(4)	75(4)	105(6)	60(3)	68(3)	58(3)	102(6)	112(6)	90(5)	87(5)	73(4)	108(6)	114(6)	115(6)	
Energies of Clusters:	-105.1573608162	-104.8761984033	-105.5962663332	-105.2627041693	-105.1272885306	-105.4330972965	-105.1005511377	-104.7414593602	-105.3400542096	-105.0656805694	-104.9188200619	-105.1881512228	-105.0378866134	-104.9741660702	-104.8493942039	-105.3836011151	-105.2247479592	-105.3122873989	-104.7099260621	-104.813121938	
GA Iteration: 7
Clusters in Pool:	96(5)	118(7)	79(4)	132(7)	95(5)	85(5)	74(4)	75(4)	105(6)	60(3)	123(7)	58(3)	102(6)	112(6)	119(7)	87(5)	73(4)	108(6)	114(6)	115(6)	
Energies of Clusters:	-105.1573608162	-104.8926754503	-105.5962663332	-105.2848770332	-105.1272885306	-105.4330972965	-105.1005511377	-104.7414593602	-105.3400542096	-105.0656805694	-104.9324259889	-105.1881512228	-105.0378866134	-104.9741660702	-104.8612009972	-105.3836011151	-105.2247479592	-105.3122873989	-104.7099260621	-104.813121938	
GA Iteration: 8
Clusters in Pool:	96(5)	118(7)	79(4)	132(7)	95(5)	85(5)	74(4)	145(8)	138(8)	142(8)	144(8)	58(3)	102(6)	112(6)	119(7)	148(8)	73(4)	108(6)	147(8)	115(6)	
Energies of Clusters:	-105.1573608162	-104.8926754503	-105.5962663332	-105.2848770332	-105.1272885306	-105.4330972965	-105.1005511377	-105.250806849	-105.3584665038	-105.0737145342	-104.9347097377	-105.1881512228	-105.0378866134	-104.9741660702	-104.8612009972	-105.3860893927	-105.2247479592	-105.3122873989	-105.5338292066	-104.813121938	
GA Iteration: 9
Clusters in Pool:	96(5)	118(7)	154(9)	132(7)	95(5)	159(9)	74(4)	145(8)	152(9)	142(8)	144(8)	58(3)	102(6)	112(6)	155(9)	148(8)	73(4)	108(6)	147(8)	164(9)	
Energies of Clusters:	-105.1573608162	-104.8926754503	-105.5972123606	-105.2848770332	-105.1272885306	-105.4529801455	-105.1005511377	-105.250806849	-105.3602682781	-105.0737145342	-104.9347097377	-105.1881512228	-105.0378866134	-104.9741660702	-105.0059824259	-105.3860893927	-105.2247479592	-105.3122873989	-105.5338292066	-105.4955759758	
GA Iteration: 10
Clusters in Pool:	168(10)	118(7)	154(9)	132(7)	95(5)	159(9)	74(4)	145(8)	152(9)	142(8)	144(8)	174(10)	102(6)	112(6)	155(9)	148(8)	73(4)	180(10)	147(8)	164(9)	
Energies of Clusters:	-105.1650951259	-104.8926754503	-105.5972123606	-105.2848770332	-105.1272885306	-105.4529801455	-105.1005511377	-105.250806849	-105.3602682781	-105.0737145342	-104.9347097377	-105.1956518339	-105.0378866134	-104.9741660702	-105.0059824259	-105.3860893927	-105.2247479592	-105.3263813866	-105.5338292066	-105.4955759758	
GA Iteration: 11
Clusters in Pool:	168(10)	118(7)	182(11)	132(7)	95(5)	159(9)	74(4)	145(8)	152(9)	142(8)	189(11)	174(10)	102(6)	112(6)	155(9)	148(8)	73(4)	180(10)	147(8)	164(9)	
Energies of Clusters:	-105.1650951259	-104.8926754503	-105.5972907718	-105.2848770332	-105.1272885306	-105.4529801455	-105.1005511377	-105.250806849	-105.3602682781	-105.0737145342	-104.9468844872	-105.1956518339	-105.0378866134	-104.9741660702	-105.0059824259	-105.3860893927	-105.2247479592	-105.3263813866	-105.5338292066	-105.4955759758	
GA Iteration: 12
Clusters in Pool:	197(12)	118(7)	182(11)	132(7)	95(5)	159(9)	74(4)	145(8)	152(9)	142(8)	189(11)	174(10)	102(6)	112(6)	155(9)	148(8)	73(4)	180(10)	147(8)	164(9)	
Energies of Clusters:	-105.1653095228	-104.8926754503	-105.5972907718	-105.2848770332	-105.1272885306	-105.4529801455	-105.1005511377	-105.250806849	-105.3602682781	-105.0737145342	-104.9468844872	-105.1956518339	-105.0378866134	-104.9741660702	-105.0059824259	-105.3860893927	-105.2247479592	-105.3263813866	-105.5338292066	-105.4955759758	
GA Iteration: 13
Clusters in Pool:	217(13)	213(13)	182(11)	220(13)	95(5)	159(9)	74(4)	145(8)	152(9)	142(8)	189(11)	174(10)	102(6)	214(13)	155(9)	148(8)	73(4)	180(10)	147(8)	164(9)	
Energies of Clusters:	-105.1699675809	-104.9217874852	-105.5972907718	-105.2928858211	-105.1272885306	-105.4529801455	-105.1005511377	-105.250806849	-105.3602682781	-105.0737145342	-104.9468844872	-105.1956518339	-105.0378866134	-104.9792845667	-105.0059824259	-105.3860893927	-105.2247479592	-105.3263813866	-105.5338292066	-105.4955759758	
GA Iteration: 14
Clusters in Pool:	217(13)	213(13)	182(11)	220(13)	244(14)	159(9)	74(4)	145(8)	152(9)	142(8)	189(11)	174(10)	102(6)	214(13)	240(14)	148(8)	73(4)	180(10)	147(8)	164(9)	
Energies of Clusters:	-105.1699675809	-104.9217874852	-105.5972907718	-105.2928858211	-105.1409684349	-105.4529801455	-105.1005511377	-105.250806849	-105.3602682781	-105.0737145342	-104.9468844872	-105.1956518339	-105.0378866134	-104.9792845667	-105.0073787739	-105.3860893927	-105.2247479592	-105.3263813866	-105.5338292066	-105.4955759758	
GA Iteration: 15
Clusters in Pool:	217(13)	213(13)	257(15)	220(13)	260(15)	254(15)	74(4)	145(8)	152(9)	142(8)	189(11)	174(10)	102(6)	214(13)	240(14)	148(8)	73(4)	180(10)	147(8)	259(15)	
Energies of Clusters:	-105.1699675809	-104.9217874852	-105.5977108726	-105.2928858211	-105.1436138046	-105.4543602208	-105.1005511377	-105.250806849	-105.3602682781	-105.0737145342	-104.9468844872	-105.1956518339	-105.0378866134	-104.9792845667	-105.0073787739	-105.3860893927	-105.2247479592	-105.3263813866	-105.5338292066	-105.4955909261	
GA Iteration: 16
Clusters in Pool:	217(13)	213(13)	257(15)	220(13)	260(15)	254(15)	261(16)	145(8)	152(9)	142(8)	189(11)	174(10)	263(16)	214(13)	240(14)	148(8)	73(4)	180(10)	147(8)	259(15)	
Energies of Clusters:	-105.1699675809	-104.9217874852	-105.5977108726	-105.2928858211	-105.1436138046	-105.4543602208	-105.1025598584	-105.250806849	-105.3602682781	-105.0737145342	-104.9468844872	-105.1956518339	-105.0442361532	-104.9792845667	-105.0073787739	-105.3860893927	-105.2247479592	-105.3263813866	-105.5338292066	-105.4955909261	
GA Iteration: 17
Clusters in Pool:	217(13)	213(13)	257(15)	220(13)	260(15)	254(15)	261(16)	145(8)	152(9)	142(8)	189(11)	174(10)	263(16)	283(17)	240(14)	290(17)	73(4)	180(10)	147(8)	259(15)	
Energies of Clusters:	-105.1699675809	-104.9217874852	-105.5977108726	-105.2928858211	-105.1436138046	-105.4543602208	-105.1025598584	-105.250806849	-105.3602682781	-105.0737145342	-104.9468844872	-105.1956518339	-105.0442361532	-104.9814771278	-105.0073787739	-105.403880405	-105.2247479592	-105.3263813866	-105.5338292066	-105.4955909261	
GA Iteration: 18
Clusters in Pool:	217(13)	293(18)	257(15)	220(13)	260(15)	254(15)	300(18)	145(8)	152(9)	142(8)	189(11)	174(10)	263(16)	283(17)	240(14)	290(17)	73(4)	180(10)	147(8)	259(15)	
Energies of Clusters:	-105.1699675809	-105.4292317365	-105.5977108726	-105.2928858211	-105.1436138046	-105.4543602208	-105.1035341622	-105.250806849	-105.3602682781	-105.0737145342	-104.9468844872	-105.1956518339	-105.0442361532	-104.9814771278	-105.0073787739	-105.403880405	-105.2247479592	-105.3263813866	-105.5338292066	-105.4955909261	
GA Iteration: 19
Clusters in Pool:	217(13)	293(18)	257(15)	220(13)	260(15)	254(15)	300(18)	145(8)	152(9)	142(8)	189(11)	174(10)	263(16)	322(19)	240(14)	290(17)	73(4)	180(10)	147(8)	259(15)	
Energies of Clusters:	-105.1699675809	-105.4292317365	-105.5977108726	-105.2928858211	-105.1436138046	-105.4543602208	-105.1035341622	-105.250806849	-105.3602682781	-105.0737145342	-104.9468844872	-105.1956518339	-105.0442361532	-104.9818210585	-105.0073787739	-105.403880405	-105.2247479592	-105.3263813866	-105.5338292066	-105.4955909261	
GA Iteration: 20
Clusters in Pool:	217(13)	293(18)	257(15)	220(13)	260(15)	254(15)	300(18)	145(8)	152(9)	142(8)	189(11)	174(10)	325(20)	322(19)	335(20)	290(17)	73(4)	180(10)	147(8)	336(20)	
Energies of Clusters:	-105.1699675809	-105.4292317365	-105.5977108726	-105.2928858211	-105.1436138046	-105.4543602208	-105.1035341622	-105.250806849	-105.3602682781	-105.0737145342	-104.9468844872	-105.1956518339	-105.0477750169	-104.9818210585	-105.0209748544	-105.403880405	-105.2247479592	-105.3263813866	-105.5338292066	-105.4956444882	
GA Iteration: 21
Clusters in Pool:	217(13)	293(18)	257(15)	220(13)	260(15)	254(15)	300(18)	341(21)	348(21)	142(8)	189(11)	174(10)	325(20)	322(19)	335(20)	290(17)	73(4)	180(10)	147(8)	336(20)	
Energies of Clusters:	-105.1699675809	-105.4292317365	-105.5977108726	-105.2928858211	-105.1436138046	-105.4543602208	-105.1035341622	-105.2603987798	-105.362262951	-105.0737145342	-104.9468844872	-105.1956518339	-105.0477750169	-104.9818210585	-105.0209748544	-105.403880405	-105.2247479592	-105.3263813866	-105.5338292066	-105.4956444882	
GA Iteration: 22
Clusters in Pool:	217(13)	293(18)	257(15)	220(13)	260(15)	254(15)	359(22)	341(21)	372(22)	142(8)	189(11)	174(10)	325(20)	322(19)	335(20)	290(17)	367(22)	180(10)	147(8)	336(20)	
Energies of Clusters:	-105.1699675809	-105.4292317365	-105.5977108726	-105.2928858211	-105.1436138046	-105.4543602208	-105.1122096246	-105.2603987798	-105.3775253452	-105.0737145342	-104.9468844872	-105.1956518339	-105.0477750169	-104.9818210585	-105.0209748544	-105.403880405	-105.2265806161	-105.3263813866	-105.5338292066	-105.4956444882	
GA Iteration: 23
Clusters in Pool:	217(13)	293(18)	257(15)	220(13)	260(15)	254(15)	359(22)	341(21)	372(22)	142(8)	189(11)	174(10)	325(20)	373(23)	335(20)	290(17)	367(22)	180(10)	147(8)	336(20)	
Energies of Clusters:	-105.1699675809	-105.4292317365	-105.5977108726	-105.2928858211	-105.1436138046	-105.4543602208	-105.1122096246	-105.2603987798	-105.3775253452	-105.0737145342	-104.9468844872	-105.1956518339	-105.0477750169	-104.9934743011	-105.0209748544	-105.403880405	-105.2265806161	-105.3263813866	-105.5338292066	-105.4956444882	
GA Iteration: 24
Clusters in Pool:	217(13)	293(18)	257(15)	220(13)	260(15)	254(15)	359(22)	341(21)	372(22)	142(8)	189(11)	400(24)	325(20)	373(23)	335(20)	290(17)	367(22)	180(10)	147(8)	336(20)	
Energies of Clusters:	-105.1699675809	-105.4292317365	-105.5977108726	-105.2928858211	-105.1436138046	-105.4543602208	-105.1122096246	-105.2603987798	-105.3775253452	-105.0737145342	-104.9468844872	-105.196641848	-105.0477750169	-104.9934743011	-105.0209748544	-105.403880405	-105.2265806161	-105.3263813866	-105.5338292066	-105.4956444882	
GA Iteration: 25
Clusters in Pool:	217(13)	293(18)	257(15)	406(25)	260(15)	254(15)	359(22)	416(25)	372(22)	142(8)	189(11)	400(24)	325(20)	373(23)	335(20)	290(17)	367(22)	180(10)	147(8)	336(20)	
Energies of Clusters:	-105.1699675809	-105.4292317365	-105.5977108726	-105.2980176377	-105.1436138046	-105.4543602208	-105.1122096246	-105.2682432122	-105.3775253452	-105.0737145342	-104.9468844872	-105.196641848	-105.0477750169	-104.9934743011	-105.0209748544	-105.403880405	-105.2265806161	-105.3263813866	-105.5338292066	-105.4956444882	
GA Iteration: 26
Clusters in Pool:	217(13)	293(18)	257(15)	406(25)	260(15)	254(15)	422(26)	416(25)	372(22)	142(8)	423(26)	400(24)	325(20)	373(23)	335(20)	290(17)	367(22)	180(10)	147(8)	336(20)	
Energies of Clusters:	-105.1699675809	-105.4292317365	-105.5977108726	-105.2980176377	-105.1436138046	-105.4543602208	-105.1174201213	-105.2682432122	-105.3775253452	-105.0737145342	-104.961917618	-105.196641848	-105.0477750169	-104.9934743011	-105.0209748544	-105.403880405	-105.2265806161	-105.3263813866	-105.5338292066	-105.4956444882	
GA Iteration: 27
Clusters in Pool:	217(13)	293(18)	257(15)	406(25)	260(15)	254(15)	422(26)	416(25)	372(22)	437(27)	423(26)	400(24)	325(20)	373(23)	335(20)	290(17)	367(22)	180(10)	147(8)	336(20)	
Energies of Clusters:	-105.1699675809	-105.4292317365	-105.5977108726	-105.2980176377	-105.1436138046	-105.4543602208	-105.1174201213	-105.2682432122	-105.3775253452	-105.0831486185	-104.961917618	-105.196641848	-105.0477750169	-104.9934743011	-105.0209748544	-105.403880405	-105.2265806161	-105.3263813866	-105.5338292066	-105.4956444882	
GA Iteration: 28
Clusters in Pool:	217(13)	293(18)	257(15)	406(25)	260(15)	254(15)	422(26)	416(25)	372(22)	437(27)	423(26)	400(24)	325(20)	373(23)	335(20)	290(17)	367(22)	180(10)	147(8)	336(20)	
Energies of Clusters:	-105.1699675809	-105.4292317365	-105.5977108726	-105.2980176377	-105.1436138046	-105.4543602208	-105.1174201213	-105.2682432122	-105.3775253452	-105.0831486185	-104.961917618	-105.196641848	-105.0477750169	-104.9934743011	-105.0209748544	-105.403880405	-105.2265806161	-105.3263813866	-105.5338292066	-105.4956444882	
GA Iteration: 29
Clusters in Pool:	217(13)	293(18)	257(15)	406(25)	260(15)	254(15)	422(26)	416(25)	372(22)	472(29)	423(26)	400(24)	479(29)	373(23)	335(20)	290(17)	367(22)	180(10)	147(8)	336(20)	
Energies of Clusters:	-105.1699675809	-105.4292317365	-105.5977108726	-105.2980176377	-105.1436138046	-105.4543602208	-105.1174201213	-105.2682432122	-105.3775253452	-105.0875329397	-104.961917618	-105.196641848	-105.0603685229	-104.9934743011	-105.0209748544	-105.403880405	-105.2265806161	-105.3263813866	-105.5338292066	-105.4956444882	
GA Iteration: 30
Clusters in Pool:	217(13)	293(18)	491(30)	406(25)	260(15)	254(15)	422(26)	416(25)	372(22)	496(30)	423(26)	400(24)	479(29)	373(23)	335(20)	290(17)	367(22)	180(10)	147(8)	336(20)	
Energies of Clusters:	-105.1699675809	-105.4292317365	-105.5977325955	-105.2980176377	-105.1436138046	-105.4543602208	-105.1174201213	-105.2682432122	-105.3775253452	-105.0917044999	-104.961917618	-105.196641848	-105.0603685229	-104.9934743011	-105.0209748544	-105.403880405	-105.2265806161	-105.3263813866	-105.5338292066	-105.4956444882	
