This file records all the information about the clusters in the pool and other details about the clusters in the pool. 
--------------------------------
OVERALL DETAILS
Collection name: Population
--------------------------------
GA Iteration: 0
Clusters in Pool:	1(0)	2(0)	3(0)	4(0)	5(0)	6(0)	7(0)	8(0)	9(0)	10(0)	11(0)	12(0)	13(0)	14(0)	15(0)	16(0)	17(0)	18(0)	19(0)	20(0)	
Energies of Clusters:	-165.7408441208	-157.4073091527	-168.2489899874	-159.8453978658	-164.2529136353	-164.5541471247	-163.3681358738	-164.8234242904	-166.8604224947	-166.8055455255	-167.6424062021	-165.6408334094	-163.2306910108	-164.1989504081	-165.8436061217	-165.1166223474	-162.4417939228	-168.1662959051	-159.8761410669	-166.7816176507	
GA Iteration: 1
Clusters in Pool:	1(0)	23(1)	3(0)	25(1)	29(1)	21(1)	36(1)	8(0)	9(0)	10(0)	11(0)	12(0)	30(1)	33(1)	32(1)	35(1)	31(1)	18(0)	27(1)	20(0)	
Energies of Clusters:	-165.7408441208	-169.1739039531	-168.2489899874	-167.547535305	-166.1027523537	-166.5335459488	-166.5831517737	-164.8234242904	-166.8604224947	-166.8055455255	-167.6424062021	-165.6408334094	-166.8258443147	-165.5299986138	-165.8436232461	-165.2916815978	-167.0608980826	-168.1662959051	-168.5125944723	-166.7816176507	
GA Iteration: 2
Clusters in Pool:	37(2)	23(1)	3(0)	25(1)	46(2)	47(2)	36(1)	52(2)	9(0)	10(0)	11(0)	45(2)	44(2)	51(2)	49(2)	40(2)	31(1)	18(0)	27(1)	20(0)	
Energies of Clusters:	-167.6843470278	-169.1739039531	-168.2489899874	-167.547535305	-167.4307423674	-167.5368317569	-166.5831517737	-168.895165988	-166.8604224947	-166.8055455255	-167.6424062021	-165.6408599052	-166.3928825801	-168.5806213346	-167.2638974855	-168.0291954313	-167.0608980826	-168.1662959051	-168.5125944723	-166.7816176507	
