This file records all the information about the clusters in the pool and other details about the clusters in the pool. 
--------------------------------
OVERALL DETAILS
Collection name: Population
--------------------------------
GA Iteration: 0
Clusters in Pool:	1(0)	2(0)	3(0)	4(0)	5(0)	6(0)	7(0)	8(0)	9(0)	10(0)	11(0)	12(0)	13(0)	14(0)	15(0)	16(0)	17(0)	18(0)	19(0)	20(0)	
Energies of Clusters:	-167.7836534133	-166.0404010081	-166.0287389795	-164.9124516325	-166.5553093363	-165.7603805225	-165.8273171927	-164.1568183272	-159.9250024989	-166.0843734472	-160.149344933	-166.1581575275	-161.5977968488	-161.6477139309	-167.9445420646	-159.2183264183	-166.6048423704	-164.7082717531	-161.7694539676	-159.6502917696	
GA Iteration: 1
Clusters in Pool:	1(0)	2(0)	3(0)	27(1)	5(0)	6(0)	7(0)	29(1)	23(1)	10(0)	31(1)	12(0)	34(1)	24(1)	15(0)	26(1)	17(0)	28(1)	21(1)	22(1)	
Energies of Clusters:	-167.7836534133	-166.0404010081	-166.0287389795	-166.1337560322	-166.5553093363	-165.7603805225	-165.8273171927	-166.4536111191	-167.1245590501	-166.0843734472	-167.0619573898	-166.1581575275	-167.0211497921	-166.744645553	-167.9445420646	-168.9325092847	-166.6048423704	-166.2081593199	-166.5162843968	-167.7119044493	
GA Iteration: 2
Clusters in Pool:	1(0)	45(2)	47(2)	41(2)	5(0)	38(2)	46(2)	48(2)	23(1)	50(2)	31(1)	42(2)	34(1)	24(1)	15(0)	26(1)	17(0)	51(2)	44(2)	22(1)	
Energies of Clusters:	-167.7836534133	-168.1285106932	-168.1464615232	-167.4685135251	-166.5553093363	-168.2851949008	-168.2322653752	-166.9674911702	-167.1245590501	-167.802228797	-167.0619573898	-167.3177658388	-167.0211497921	-166.744645553	-167.9445420646	-168.9325092847	-166.6048423704	-167.0327835831	-166.7336143428	-167.7119044493	
GA Iteration: 3
Clusters in Pool:	1(0)	45(2)	47(2)	63(3)	58(3)	38(2)	46(2)	55(3)	66(3)	50(2)	53(3)	42(2)	64(3)	56(3)	15(0)	26(1)	68(3)	57(3)	61(3)	22(1)	
Energies of Clusters:	-167.7836534133	-168.1285106932	-168.1464615232	-167.4685198783	-170.1329996406	-168.2851949008	-168.2322653752	-168.9491075517	-167.5990793032	-167.802228797	-167.8233757726	-167.3177658388	-168.6233302425	-169.2342794667	-167.9445420646	-168.9325092847	-169.52092023	-167.8863540865	-169.25289847	-167.7119044493	
GA Iteration: 4
Clusters in Pool:	79(4)	45(2)	47(2)	75(4)	58(3)	38(2)	46(2)	55(3)	77(4)	83(4)	72(4)	81(4)	64(3)	56(3)	15(0)	26(1)	68(3)	73(4)	61(3)	78(4)	
Energies of Clusters:	-168.7099751313	-168.1285106932	-168.1464615232	-169.5333476539	-170.1329996406	-168.2851949008	-168.2322653752	-168.9491075517	-169.0574208704	-168.4865802197	-168.1879725487	-169.5763147545	-168.6233302425	-169.2342794667	-167.9445420646	-168.9325092847	-169.52092023	-168.0618907181	-169.25289847	-168.7583427423	
GA Iteration: 5
Clusters in Pool:	79(4)	95(5)	93(5)	75(4)	58(3)	99(5)	46(2)	55(3)	96(5)	83(4)	72(4)	81(4)	64(3)	56(3)	85(5)	26(1)	68(3)	98(5)	61(3)	78(4)	
Energies of Clusters:	-168.7099751313	-168.8625871302	-168.3905566562	-169.5333476539	-170.1329996406	-168.2908296101	-168.2322653752	-168.9491075517	-169.0574870937	-168.4865802197	-168.1879725487	-169.5763147545	-168.6233302425	-169.2342794667	-169.825528412	-168.9325092847	-169.52092023	-169.0988327929	-169.25289847	-168.7583427423	
GA Iteration: 6
Clusters in Pool:	79(4)	95(5)	107(6)	112(6)	58(3)	106(6)	116(6)	55(3)	110(6)	83(4)	114(6)	81(4)	64(3)	56(3)	85(5)	26(1)	68(3)	98(5)	61(3)	78(4)	
Energies of Clusters:	-168.7099751313	-168.8625871302	-169.2999691264	-169.5382905144	-170.1329996406	-169.3460006931	-169.6075617947	-168.9491075517	-169.0634409394	-168.4865802197	-169.6840542914	-169.5763147545	-168.6233302425	-169.2342794667	-169.825528412	-168.9325092847	-169.52092023	-169.0988327929	-169.25289847	-168.7583427423	
GA Iteration: 7
Clusters in Pool:	122(7)	95(5)	107(6)	112(6)	129(7)	106(6)	116(6)	55(3)	110(6)	130(7)	120(7)	81(4)	123(7)	56(3)	85(5)	26(1)	68(3)	98(5)	61(3)	125(7)	
Energies of Clusters:	-169.1102882631	-168.8625871302	-169.2999691264	-169.5382905144	-170.1330129255	-169.3460006931	-169.6075617947	-168.9491075517	-169.0634409394	-170.1531108494	-169.6873229443	-169.5763147545	-169.2876911825	-169.2342794667	-169.825528412	-168.9325092847	-169.52092023	-169.0988327929	-169.25289847	-169.0265933011	
GA Iteration: 8
Clusters in Pool:	122(7)	136(8)	107(6)	112(6)	137(8)	106(6)	116(6)	55(3)	110(6)	130(7)	120(7)	81(4)	123(7)	56(3)	85(5)	144(8)	68(3)	98(5)	61(3)	125(7)	
Energies of Clusters:	-169.1102882631	-170.2707101511	-169.2999691264	-169.5382905144	-170.1330235299	-169.3460006931	-169.6075617947	-168.9491075517	-169.0634409394	-170.1531108494	-169.6873229443	-169.5763147545	-169.2876911825	-169.2342794667	-169.825528412	-170.2296845154	-169.52092023	-169.0988327929	-169.25289847	-169.0265933011	
GA Iteration: 9
Clusters in Pool:	122(7)	136(8)	107(6)	112(6)	153(9)	106(6)	116(6)	164(9)	110(6)	130(7)	120(7)	81(4)	123(7)	56(3)	85(5)	144(8)	68(3)	98(5)	61(3)	161(9)	
Energies of Clusters:	-169.1102882631	-170.2707101511	-169.2999691264	-169.5382905144	-170.1330259679	-169.3460006931	-169.6075617947	-170.059633958	-169.0634409394	-170.1531108494	-169.6873229443	-169.5763147545	-169.2876911825	-169.2342794667	-169.825528412	-170.2296845154	-169.52092023	-169.0988327929	-169.25289847	-169.9976421348	
GA Iteration: 10
Clusters in Pool:	178(10)	136(8)	107(6)	112(6)	153(9)	106(6)	116(6)	164(9)	168(10)	130(7)	120(7)	81(4)	123(7)	173(10)	85(5)	144(8)	68(3)	175(10)	61(3)	161(9)	
Energies of Clusters:	-169.4801437397	-170.2707101511	-169.2999691264	-169.5382905144	-170.1330259679	-169.3460006931	-169.6075617947	-170.059633958	-169.8036608491	-170.1531108494	-169.6873229443	-169.5763147545	-169.2876911825	-169.270324657	-169.825528412	-170.2296845154	-169.52092023	-169.6977579204	-169.25289847	-169.9976421348	
GA Iteration: 11
Clusters in Pool:	178(10)	136(8)	107(6)	112(6)	153(9)	106(6)	116(6)	164(9)	168(10)	130(7)	120(7)	81(4)	123(7)	189(11)	85(5)	144(8)	68(3)	175(10)	182(11)	161(9)	
Energies of Clusters:	-169.4801437397	-170.2707101511	-169.2999691264	-169.5382905144	-170.1330259679	-169.3460006931	-169.6075617947	-170.059633958	-169.8036608491	-170.1531108494	-169.6873229443	-169.5763147545	-169.2876911825	-170.0405612414	-169.825528412	-170.2296845154	-169.52092023	-169.6977579204	-170.1018967276	-169.9976421348	
GA Iteration: 12
Clusters in Pool:	178(10)	203(12)	197(12)	112(6)	153(9)	210(12)	116(6)	164(9)	168(10)	130(7)	120(7)	81(4)	205(12)	189(11)	85(5)	144(8)	68(3)	207(12)	182(11)	161(9)	
Energies of Clusters:	-169.4801437397	-170.270713573	-169.5605975157	-169.5382905144	-170.1330259679	-169.457426889	-169.6075617947	-170.059633958	-169.8036608491	-170.1531108494	-169.6873229443	-169.5763147545	-170.1865019	-170.0405612414	-169.825528412	-170.2296845154	-169.52092023	-169.697762528	-170.1018967276	-169.9976421348	
GA Iteration: 13
Clusters in Pool:	178(10)	203(12)	197(12)	112(6)	153(9)	221(13)	116(6)	164(9)	168(10)	218(13)	120(7)	81(4)	205(12)	189(11)	85(5)	144(8)	68(3)	207(12)	182(11)	161(9)	
Energies of Clusters:	-169.4801437397	-170.270713573	-169.5605975157	-169.5382905144	-170.1330259679	-170.1735857346	-169.6075617947	-170.059633958	-169.8036608491	-170.1532528476	-169.6873229443	-169.5763147545	-170.1865019	-170.0405612414	-169.825528412	-170.2296845154	-169.52092023	-169.697762528	-170.1018967276	-169.9976421348	
GA Iteration: 14
Clusters in Pool:	238(14)	203(12)	197(12)	112(6)	153(9)	221(13)	116(6)	164(9)	168(10)	218(13)	120(7)	81(4)	205(12)	189(11)	85(5)	240(14)	68(3)	207(12)	182(11)	161(9)	
Energies of Clusters:	-169.8994765966	-170.270713573	-169.5605975157	-169.5382905144	-170.1330259679	-170.1735857346	-169.6075617947	-170.059633958	-169.8036608491	-170.1532528476	-169.6873229443	-169.5763147545	-170.1865019	-170.0405612414	-169.825528412	-170.230255058	-169.52092023	-169.697762528	-170.1018967276	-169.9976421348	
GA Iteration: 15
Clusters in Pool:	238(14)	203(12)	197(12)	245(15)	153(9)	221(13)	116(6)	164(9)	168(10)	218(13)	120(7)	81(4)	205(12)	189(11)	260(15)	240(14)	252(15)	207(12)	182(11)	161(9)	
Energies of Clusters:	-169.8994765966	-170.270713573	-169.5605975157	-169.6497987784	-170.1330259679	-170.1735857346	-169.6075617947	-170.059633958	-169.8036608491	-170.1532528476	-169.6873229443	-169.5763147545	-170.1865019	-170.0405612414	-169.8322199118	-170.230255058	-169.9389618105	-169.697762528	-170.1018967276	-169.9976421348	
GA Iteration: 16
Clusters in Pool:	238(14)	203(12)	262(16)	245(15)	153(9)	264(16)	116(6)	164(9)	168(10)	218(13)	120(7)	273(16)	205(12)	189(11)	260(15)	240(14)	252(15)	207(12)	269(16)	161(9)	
Energies of Clusters:	-169.8994765966	-170.270713573	-169.7477567087	-169.6497987784	-170.1330259679	-170.1736032797	-169.6075617947	-170.059633958	-169.8036608491	-170.1532528476	-169.6873229443	-169.660197471	-170.1865019	-170.0405612414	-169.8322199118	-170.230255058	-169.9389618105	-169.697762528	-170.1019012097	-169.9976421348	
GA Iteration: 17
Clusters in Pool:	238(14)	203(12)	262(16)	245(15)	153(9)	264(16)	281(17)	164(9)	168(10)	218(13)	120(7)	273(16)	205(12)	189(11)	260(15)	240(14)	252(15)	207(12)	280(17)	161(9)	
Energies of Clusters:	-169.8994765966	-170.270713573	-169.7477567087	-169.6497987784	-170.1330259679	-170.1736032797	-170.3059803808	-170.059633958	-169.8036608491	-170.1532528476	-169.6873229443	-169.660197471	-170.1865019	-170.0405612414	-169.8322199118	-170.230255058	-169.9389618105	-169.697762528	-170.101933491	-169.9976421348	
GA Iteration: 18
Clusters in Pool:	238(14)	203(12)	298(18)	293(18)	153(9)	264(16)	281(17)	164(9)	168(10)	218(13)	120(7)	273(16)	205(12)	189(11)	260(15)	240(14)	252(15)	207(12)	280(17)	161(9)	
Energies of Clusters:	-169.8994765966	-170.270713573	-169.7477623358	-169.7243266016	-170.1330259679	-170.1736032797	-170.3059803808	-170.059633958	-169.8036608491	-170.1532528476	-169.6873229443	-169.660197471	-170.1865019	-170.0405612414	-169.8322199118	-170.230255058	-169.9389618105	-169.697762528	-170.101933491	-169.9976421348	
GA Iteration: 19
Clusters in Pool:	238(14)	322(19)	298(18)	293(18)	153(9)	264(16)	281(17)	164(9)	168(10)	218(13)	120(7)	315(19)	205(12)	189(11)	317(19)	240(14)	252(15)	207(12)	280(17)	161(9)	
Energies of Clusters:	-169.8994765966	-170.270724097	-169.7477623358	-169.7243266016	-170.1330259679	-170.1736032797	-170.3059803808	-170.059633958	-169.8036608491	-170.1532528476	-169.6873229443	-169.7120208002	-170.1865019	-170.0405612414	-169.8351332546	-170.230255058	-169.9389618105	-169.697762528	-170.101933491	-169.9976421348	
GA Iteration: 20
Clusters in Pool:	238(14)	322(19)	298(18)	293(18)	153(9)	264(16)	338(20)	164(9)	168(10)	218(13)	326(20)	325(20)	205(12)	189(11)	317(19)	240(14)	252(15)	335(20)	280(17)	161(9)	
Energies of Clusters:	-169.8994765966	-170.270724097	-169.7477623358	-169.7243266016	-170.1330259679	-170.1736032797	-170.3059913145	-170.059633958	-169.8036608491	-170.1532528476	-170.8347066944	-169.7677835134	-170.1865019	-170.0405612414	-169.8351332546	-170.230255058	-169.9389618105	-170.8095961048	-170.101933491	-169.9976421348	
GA Iteration: 21
Clusters in Pool:	238(14)	322(19)	342(21)	348(21)	153(9)	352(21)	338(20)	164(9)	168(10)	218(13)	346(21)	325(20)	205(12)	189(11)	317(19)	350(21)	341(21)	335(20)	280(17)	161(9)	
Energies of Clusters:	-169.8994765966	-170.270724097	-171.1285134944	-173.1343095918	-170.1330259679	-170.1743926801	-170.3059913145	-170.059633958	-169.8036608491	-170.1532528476	-170.8347150976	-169.7677835134	-170.1865019	-170.0405612414	-169.8351332546	-170.2304129155	-169.9478167927	-170.8095961048	-170.101933491	-169.9976421348	
GA Iteration: 22
Clusters in Pool:	238(14)	371(22)	342(21)	348(21)	153(9)	352(21)	338(20)	164(9)	368(22)	218(13)	346(21)	360(22)	205(12)	189(11)	317(19)	363(22)	341(21)	335(20)	280(17)	161(9)	
Energies of Clusters:	-169.8994765966	-170.2795182608	-171.1285134944	-173.1343095918	-170.1330259679	-170.1743926801	-170.3059913145	-170.059633958	-169.8465554401	-170.1532528476	-170.8347150976	-172.8777335261	-170.1865019	-170.0405612414	-169.8351332546	-170.2342851395	-169.9478167927	-170.8095961048	-170.101933491	-169.9976421348	
GA Iteration: 23
Clusters in Pool:	373(23)	371(22)	342(21)	348(21)	153(9)	352(21)	338(20)	164(9)	385(23)	218(13)	346(21)	360(22)	205(12)	189(11)	380(23)	363(22)	341(21)	335(20)	280(17)	161(9)	
Energies of Clusters:	-170.3840721733	-170.2795182608	-171.1285134944	-173.1343095918	-170.1330259679	-170.1743926801	-170.3059913145	-170.059633958	-170.946059534	-170.1532528476	-170.8347150976	-172.8777335261	-170.1865019	-170.0405612414	-171.1799934751	-170.2342851395	-169.9478167927	-170.8095961048	-170.101933491	-169.9976421348	
GA Iteration: 24
Clusters in Pool:	373(23)	371(22)	342(21)	348(21)	153(9)	352(21)	338(20)	402(24)	385(23)	218(13)	346(21)	360(22)	205(12)	395(24)	380(23)	363(22)	391(24)	335(20)	389(24)	396(24)	
Energies of Clusters:	-170.3840721733	-170.2795182608	-171.1285134944	-173.1343095918	-170.1330259679	-170.1743926801	-170.3059913145	-170.9780129342	-170.946059534	-170.1532528476	-170.8347150976	-172.8777335261	-170.1865019	-171.0195475803	-171.1799934751	-170.2342851395	-172.2005471996	-170.8095961048	-170.5196161581	-171.3273568994	
GA Iteration: 25
Clusters in Pool:	373(23)	371(22)	342(21)	348(21)	415(25)	352(21)	338(20)	402(24)	385(23)	417(25)	346(21)	360(22)	205(12)	395(24)	380(23)	363(22)	391(24)	335(20)	389(24)	396(24)	
Energies of Clusters:	-170.3840721733	-170.2795182608	-171.1285134944	-173.1343095918	-170.8677387585	-170.1743926801	-170.3059913145	-170.9780129342	-170.946059534	-170.42099517	-170.8347150976	-172.8777335261	-170.1865019	-171.0195475803	-171.1799934751	-170.2342851395	-172.2005471996	-170.8095961048	-170.5196161581	-171.3273568994	
GA Iteration: 26
Clusters in Pool:	373(23)	371(22)	342(21)	348(21)	415(25)	424(26)	338(20)	402(24)	385(23)	417(25)	346(21)	360(22)	205(12)	395(24)	380(23)	363(22)	391(24)	335(20)	389(24)	396(24)	
Energies of Clusters:	-170.3840721733	-170.2795182608	-171.1285134944	-173.1343095918	-170.8677387585	-171.1045180485	-170.3059913145	-170.9780129342	-170.946059534	-170.42099517	-170.8347150976	-172.8777335261	-170.1865019	-171.0195475803	-171.1799934751	-170.2342851395	-172.2005471996	-170.8095961048	-170.5196161581	-171.3273568994	
GA Iteration: 27
Clusters in Pool:	373(23)	444(27)	342(21)	348(21)	415(25)	424(26)	338(20)	402(24)	385(23)	417(25)	346(21)	360(22)	205(12)	395(24)	380(23)	363(22)	391(24)	335(20)	389(24)	396(24)	
Energies of Clusters:	-170.3840721733	-170.2795499681	-171.1285134944	-173.1343095918	-170.8677387585	-171.1045180485	-170.3059913145	-170.9780129342	-170.946059534	-170.42099517	-170.8347150976	-172.8777335261	-170.1865019	-171.0195475803	-171.1799934751	-170.2342851395	-172.2005471996	-170.8095961048	-170.5196161581	-171.3273568994	
GA Iteration: 28
Clusters in Pool:	373(23)	444(27)	342(21)	348(21)	461(28)	424(26)	338(20)	468(28)	385(23)	417(25)	456(28)	360(22)	464(28)	395(24)	463(28)	363(22)	391(24)	335(20)	389(24)	396(24)	
Energies of Clusters:	-170.3840721733	-170.2795499681	-171.1285134944	-173.1343095918	-170.8677415925	-171.1045180485	-170.3059913145	-170.978033494	-170.946059534	-170.42099517	-170.8347170008	-172.8777335261	-170.857441595	-171.0195475803	-171.1800065467	-170.2342851395	-172.2005471996	-170.8095961048	-170.5196161581	-171.3273568994	
GA Iteration: 29
Clusters in Pool:	373(23)	477(29)	342(21)	348(21)	461(28)	424(26)	338(20)	468(28)	385(23)	417(25)	456(28)	360(22)	464(28)	395(24)	463(28)	480(29)	391(24)	335(20)	389(24)	396(24)	
Energies of Clusters:	-170.3840721733	-171.3471333434	-171.1285134944	-173.1343095918	-170.8677415925	-171.1045180485	-170.3059913145	-170.978033494	-170.946059534	-170.42099517	-170.8347170008	-172.8777335261	-170.857441595	-171.0195475803	-171.1800065467	-171.3836013964	-172.2005471996	-170.8095961048	-170.5196161581	-171.3273568994	
GA Iteration: 30
Clusters in Pool:	498(30)	477(29)	342(21)	348(21)	461(28)	486(30)	494(30)	468(28)	385(23)	496(30)	456(28)	360(22)	464(28)	395(24)	463(28)	492(30)	485(30)	335(20)	389(24)	396(24)	
Energies of Clusters:	-171.4736694772	-171.3471333434	-171.1285134944	-173.1343095918	-170.8677415925	-171.1071021632	-171.7734004474	-170.978033494	-170.946059534	-171.1547653242	-170.8347170008	-172.8777335261	-170.857441595	-171.0195475803	-171.1800065467	-171.3836053331	-172.2005473686	-170.8095961048	-170.5196161581	-171.3273568994	
GA Iteration: 31
Clusters in Pool:	498(30)	477(29)	342(21)	509(31)	511(31)	486(30)	494(30)	468(28)	385(23)	496(30)	456(28)	360(22)	464(28)	395(24)	463(28)	492(30)	485(30)	335(20)	503(31)	396(24)	
Energies of Clusters:	-171.4736694772	-171.3471333434	-171.1285134944	-173.1343143945	-170.8776815518	-171.1071021632	-171.7734004474	-170.978033494	-170.946059534	-171.1547653242	-170.8347170008	-172.8777335261	-170.857441595	-171.0195475803	-171.1800065467	-171.3836053331	-172.2005473686	-170.8095961048	-171.6634769985	-171.3273568994	
GA Iteration: 32
Clusters in Pool:	498(30)	477(29)	342(21)	509(31)	511(31)	486(30)	531(32)	468(28)	385(23)	496(30)	456(28)	360(22)	464(28)	395(24)	463(28)	492(30)	485(30)	528(32)	503(31)	396(24)	
Energies of Clusters:	-171.4736694772	-171.3471333434	-171.1285134944	-173.1343143945	-170.8776815518	-171.1071021632	-171.7734056087	-170.978033494	-170.946059534	-171.1547653242	-170.8347170008	-172.8777335261	-170.857441595	-171.0195475803	-171.1800065467	-171.3836053331	-172.2005473686	-171.3050332701	-171.6634769985	-171.3273568994	
GA Iteration: 33
Clusters in Pool:	498(30)	477(29)	342(21)	509(31)	511(31)	486(30)	531(32)	468(28)	385(23)	496(30)	546(33)	360(22)	464(28)	395(24)	463(28)	492(30)	537(33)	528(32)	503(31)	396(24)	
Energies of Clusters:	-171.4736694772	-171.3471333434	-171.1285134944	-173.1343143945	-170.8776815518	-171.1071021632	-171.7734056087	-170.978033494	-170.946059534	-171.1547653242	-172.2266748151	-172.8777335261	-170.857441595	-171.0195475803	-171.1800065467	-171.3836053331	-172.2005558757	-171.3050332701	-171.6634769985	-171.3273568994	
GA Iteration: 34
Clusters in Pool:	498(30)	477(29)	342(21)	509(31)	511(31)	486(30)	531(32)	468(28)	385(23)	549(34)	546(33)	360(22)	563(34)	395(24)	463(28)	492(30)	537(33)	528(32)	503(31)	396(24)	
Energies of Clusters:	-171.4736694772	-171.3471333434	-171.1285134944	-173.1343143945	-170.8776815518	-171.1071021632	-171.7734056087	-170.978033494	-170.946059534	-171.1547672124	-172.2266748151	-172.8777335261	-171.0939825497	-171.0195475803	-171.1800065467	-171.3836053331	-172.2005558757	-171.3050332701	-171.6634769985	-171.3273568994	
GA Iteration: 35
Clusters in Pool:	498(30)	477(29)	342(21)	574(35)	571(35)	486(30)	575(35)	468(28)	385(23)	549(34)	546(33)	360(22)	563(34)	395(24)	463(28)	492(30)	537(33)	528(32)	503(31)	396(24)	
Energies of Clusters:	-171.4736694772	-171.3471333434	-171.1285134944	-173.1343147163	-171.6855421929	-171.1071021632	-171.7734057723	-170.978033494	-170.946059534	-171.1547672124	-172.2266748151	-172.8777335261	-171.0939825497	-171.0195475803	-171.1800065467	-171.3836053331	-172.2005558757	-171.3050332701	-171.6634769985	-171.3273568994	
GA Iteration: 36
Clusters in Pool:	498(30)	477(29)	342(21)	574(35)	571(35)	486(30)	575(35)	468(28)	385(23)	549(34)	546(33)	360(22)	563(34)	395(24)	463(28)	492(30)	537(33)	528(32)	503(31)	396(24)	
Energies of Clusters:	-171.4736694772	-171.3471333434	-171.1285134944	-173.1343147163	-171.6855421929	-171.1071021632	-171.7734057723	-170.978033494	-170.946059534	-171.1547672124	-172.2266748151	-172.8777335261	-171.0939825497	-171.0195475803	-171.1800065467	-171.3836053331	-172.2005558757	-171.3050332701	-171.6634769985	-171.3273568994	
GA Iteration: 37
Clusters in Pool:	498(30)	477(29)	342(21)	574(35)	571(35)	486(30)	575(35)	468(28)	602(37)	549(34)	546(33)	360(22)	563(34)	395(24)	463(28)	492(30)	537(33)	528(32)	503(31)	396(24)	
Energies of Clusters:	-171.4736694772	-171.3471333434	-171.1285134944	-173.1343147163	-171.6855421929	-171.1071021632	-171.7734057723	-170.978033494	-171.071585366	-171.1547672124	-172.2266748151	-172.8777335261	-171.0939825497	-171.0195475803	-171.1800065467	-171.3836053331	-172.2005558757	-171.3050332701	-171.6634769985	-171.3273568994	
GA Iteration: 38
Clusters in Pool:	498(30)	477(29)	342(21)	574(35)	571(35)	486(30)	575(35)	621(38)	626(38)	549(34)	546(33)	360(22)	563(34)	622(38)	463(28)	492(30)	537(33)	528(32)	503(31)	396(24)	
Energies of Clusters:	-171.4736694772	-171.3471333434	-171.1285134944	-173.1343147163	-171.6855421929	-171.1071021632	-171.7734057723	-172.9586155293	-171.8906338325	-171.1547672124	-172.2266748151	-172.8777335261	-171.0939825497	-172.1249739292	-171.1800065467	-171.3836053331	-172.2005558757	-171.3050332701	-171.6634769985	-171.3273568994	
GA Iteration: 39
Clusters in Pool:	498(30)	477(29)	342(21)	574(35)	571(35)	486(30)	575(35)	639(39)	626(38)	549(34)	632(39)	360(22)	630(39)	622(38)	463(28)	492(30)	631(39)	528(32)	503(31)	396(24)	
Energies of Clusters:	-171.4736694772	-171.3471333434	-171.1285134944	-173.1343147163	-171.6855421929	-171.1071021632	-171.7734057723	-172.9586274313	-171.8906338325	-171.1547672124	-172.226675946	-172.8777335261	-171.0939847269	-172.1249739292	-171.1800065467	-171.3836053331	-172.2005564644	-171.3050332701	-171.6634769985	-171.3273568994	
GA Iteration: 40
Clusters in Pool:	498(30)	477(29)	342(21)	574(35)	571(35)	486(30)	575(35)	639(39)	626(38)	549(34)	632(39)	360(22)	630(39)	622(38)	463(28)	492(30)	631(39)	528(32)	503(31)	396(24)	
Energies of Clusters:	-171.4736694772	-171.3471333434	-171.1285134944	-173.1343147163	-171.6855421929	-171.1071021632	-171.7734057723	-172.9586274313	-171.8906338325	-171.1547672124	-172.226675946	-172.8777335261	-171.0939847269	-172.1249739292	-171.1800065467	-171.3836053331	-172.2005564644	-171.3050332701	-171.6634769985	-171.3273568994	
GA Iteration: 41
Clusters in Pool:	498(30)	477(29)	342(21)	574(35)	571(35)	661(41)	575(35)	639(39)	626(38)	549(34)	632(39)	360(22)	630(39)	622(38)	463(28)	492(30)	631(39)	528(32)	503(31)	396(24)	
Energies of Clusters:	-171.4736694772	-171.3471333434	-171.1285134944	-173.1343147163	-171.6855421929	-171.1114670075	-171.7734057723	-172.9586274313	-171.8906338325	-171.1547672124	-172.226675946	-172.8777335261	-171.0939847269	-172.1249739292	-171.1800065467	-171.3836053331	-172.2005564644	-171.3050332701	-171.6634769985	-171.3273568994	
GA Iteration: 42
Clusters in Pool:	498(30)	477(29)	342(21)	574(35)	571(35)	679(42)	575(35)	639(39)	690(42)	549(34)	632(39)	360(22)	686(42)	622(38)	463(28)	492(30)	631(39)	528(32)	503(31)	396(24)	
Energies of Clusters:	-171.4736694772	-171.3471333434	-171.1285134944	-173.1343147163	-171.6855421929	-171.2460080745	-171.7734057723	-172.9586274313	-171.890634314	-171.1547672124	-172.226675946	-172.8777335261	-171.9074351876	-172.1249739292	-171.1800065467	-171.3836053331	-172.2005564644	-171.3050332701	-171.6634769985	-171.3273568994	
GA Iteration: 43
Clusters in Pool:	498(30)	477(29)	342(21)	574(35)	571(35)	679(42)	575(35)	707(43)	690(42)	549(34)	632(39)	360(22)	686(42)	622(38)	463(28)	492(30)	631(39)	528(32)	503(31)	396(24)	
Energies of Clusters:	-171.4736694772	-171.3471333434	-171.1285134944	-173.1343147163	-171.6855421929	-171.2460080745	-171.7734057723	-172.958629962	-171.890634314	-171.1547672124	-172.226675946	-172.8777335261	-171.9074351876	-172.1249739292	-171.1800065467	-171.3836053331	-172.2005564644	-171.3050332701	-171.6634769985	-171.3273568994	
GA Iteration: 44
Clusters in Pool:	498(30)	477(29)	342(21)	574(35)	571(35)	679(42)	575(35)	707(43)	690(42)	716(44)	632(39)	360(22)	686(42)	622(38)	463(28)	492(30)	631(39)	528(32)	503(31)	396(24)	
Energies of Clusters:	-171.4736694772	-171.3471333434	-171.1285134944	-173.1343147163	-171.6855421929	-171.2460080745	-171.7734057723	-172.958629962	-171.890634314	-171.1591119968	-172.226675946	-172.8777335261	-171.9074351876	-172.1249739292	-171.1800065467	-171.3836053331	-172.2005564644	-171.3050332701	-171.6634769985	-171.3273568994	
GA Iteration: 45
Clusters in Pool:	498(30)	477(29)	342(21)	574(35)	571(35)	679(42)	575(35)	707(43)	690(42)	716(44)	632(39)	360(22)	686(42)	622(38)	463(28)	492(30)	631(39)	528(32)	503(31)	396(24)	
Energies of Clusters:	-171.4736694772	-171.3471333434	-171.1285134944	-173.1343147163	-171.6855421929	-171.2460080745	-171.7734057723	-172.958629962	-171.890634314	-171.1591119968	-172.226675946	-172.8777335261	-171.9074351876	-172.1249739292	-171.1800065467	-171.3836053331	-172.2005564644	-171.3050332701	-171.6634769985	-171.3273568994	
GA Iteration: 46
Clusters in Pool:	498(30)	477(29)	342(21)	574(35)	571(35)	679(42)	575(35)	707(43)	690(42)	716(44)	744(46)	360(22)	686(42)	622(38)	463(28)	492(30)	631(39)	528(32)	503(31)	396(24)	
Energies of Clusters:	-171.4736694772	-171.3471333434	-171.1285134944	-173.1343147163	-171.6855421929	-171.2460080745	-171.7734057723	-172.958629962	-171.890634314	-171.1591119968	-172.2348871049	-172.8777335261	-171.9074351876	-172.1249739292	-171.1800065467	-171.3836053331	-172.2005564644	-171.3050332701	-171.6634769985	-171.3273568994	
GA Iteration: 47
Clusters in Pool:	758(47)	477(29)	342(21)	574(35)	571(35)	679(42)	575(35)	759(47)	690(42)	716(44)	744(46)	360(22)	686(42)	622(38)	463(28)	492(30)	631(39)	528(32)	503(31)	396(24)	
Energies of Clusters:	-171.4736727284	-171.3471333434	-171.1285134944	-173.1343147163	-171.6855421929	-171.2460080745	-171.7734057723	-172.9586317207	-171.890634314	-171.1591119968	-172.2348871049	-172.8777335261	-171.9074351876	-172.1249739292	-171.1800065467	-171.3836053331	-172.2005564644	-171.3050332701	-171.6634769985	-171.3273568994	
GA Iteration: 48
Clusters in Pool:	758(47)	477(29)	342(21)	574(35)	571(35)	679(42)	575(35)	759(47)	690(42)	716(44)	744(46)	360(22)	686(42)	622(38)	463(28)	492(30)	631(39)	528(32)	503(31)	396(24)	
Energies of Clusters:	-171.4736727284	-171.3471333434	-171.1285134944	-173.1343147163	-171.6855421929	-171.2460080745	-171.7734057723	-172.9586317207	-171.890634314	-171.1591119968	-172.2348871049	-172.8777335261	-171.9074351876	-172.1249739292	-171.1800065467	-171.3836053331	-172.2005564644	-171.3050332701	-171.6634769985	-171.3273568994	
GA Iteration: 49
Clusters in Pool:	758(47)	477(29)	342(21)	574(35)	571(35)	679(42)	575(35)	759(47)	690(42)	716(44)	744(46)	360(22)	686(42)	622(38)	463(28)	492(30)	631(39)	528(32)	503(31)	396(24)	
Energies of Clusters:	-171.4736727284	-171.3471333434	-171.1285134944	-173.1343147163	-171.6855421929	-171.2460080745	-171.7734057723	-172.9586317207	-171.890634314	-171.1591119968	-172.2348871049	-172.8777335261	-171.9074351876	-172.1249739292	-171.1800065467	-171.3836053331	-172.2005564644	-171.3050332701	-171.6634769985	-171.3273568994	
GA Iteration: 50
Clusters in Pool:	758(47)	477(29)	342(21)	574(35)	571(35)	679(42)	575(35)	759(47)	690(42)	716(44)	744(46)	360(22)	686(42)	622(38)	463(28)	492(30)	631(39)	528(32)	503(31)	396(24)	
Energies of Clusters:	-171.4736727284	-171.3471333434	-171.1285134944	-173.1343147163	-171.6855421929	-171.2460080745	-171.7734057723	-172.9586317207	-171.890634314	-171.1591119968	-172.2348871049	-172.8777335261	-171.9074351876	-172.1249739292	-171.1800065467	-171.3836053331	-172.2005564644	-171.3050332701	-171.6634769985	-171.3273568994	
