This file records all the information about the clusters in the pool and other details about the clusters in the pool. 
--------------------------------
OVERALL DETAILS
Collection name: Population
--------------------------------
GA Iteration: 0
Clusters in Pool:	1(0)	2(0)	3(0)	4(0)	5(0)	6(0)	7(0)	8(0)	9(0)	10(0)	11(0)	12(0)	13(0)	14(0)	15(0)	16(0)	17(0)	18(0)	19(0)	20(0)	
Energies of Clusters:	-130.9153523396	-130.7121811223	-131.4418847759	-131.7100812715	-131.9933018901	-131.3554256303	-132.3300935179	-132.031711045	-132.3715094343	-131.8780224569	-130.4591058118	-131.1232922184	-131.5217442793	-130.6501768666	-131.0382677259	-131.4818945184	-132.4832864605	-132.1420622582	-131.6067258925	-129.6458576525	
GA Iteration: 1
Clusters in Pool:	33(1)	29(1)	3(0)	4(0)	5(0)	36(1)	7(0)	21(1)	9(0)	10(0)	26(1)	24(1)	13(0)	22(1)	35(1)	16(0)	34(1)	25(1)	19(0)	31(1)	
Energies of Clusters:	-132.411687863	-132.4390181822	-131.4418847759	-131.7100812715	-131.9933018901	-131.3707862458	-132.3300935179	-132.046026769	-132.3715094343	-131.8780224569	-132.7371397644	-131.5525388035	-131.5217442793	-132.5434018271	-132.1999363646	-131.4818945184	-132.5018398396	-132.155255352	-131.6067258925	-133.016158361	
GA Iteration: 2
Clusters in Pool:	33(1)	29(1)	39(2)	42(2)	5(0)	43(2)	7(0)	21(1)	9(0)	45(2)	26(1)	38(2)	49(2)	22(1)	35(1)	37(2)	51(2)	25(1)	41(2)	31(1)	
Energies of Clusters:	-132.411687863	-132.4390181822	-133.0482487063	-132.2427025495	-131.9933018901	-133.2054433321	-132.3300935179	-132.046026769	-132.3715094343	-132.1038713904	-132.7371397644	-132.8369178451	-132.9098183513	-132.5434018271	-132.1999363646	-132.9504896289	-132.5174731537	-132.155255352	-132.7877345997	-133.016158361	
GA Iteration: 3
Clusters in Pool:	33(1)	29(1)	39(2)	42(2)	58(3)	43(2)	60(3)	63(3)	9(0)	57(3)	26(1)	38(2)	49(2)	22(1)	68(3)	37(2)	51(2)	62(3)	41(2)	31(1)	
Energies of Clusters:	-132.411687863	-132.4390181822	-133.0482487063	-132.2427025495	-133.0772162445	-133.2054433321	-132.3379218542	-132.6667446448	-132.3715094343	-132.6276541555	-132.7371397644	-132.8369178451	-132.9098183513	-132.5434018271	-132.2942175906	-132.9504896289	-132.5174731537	-132.464642559	-132.7877345997	-133.016158361	
GA Iteration: 4
Clusters in Pool:	33(1)	29(1)	39(2)	71(4)	73(4)	43(2)	60(3)	63(3)	9(0)	75(4)	26(1)	38(2)	49(2)	22(1)	77(4)	37(2)	51(2)	62(3)	80(4)	31(1)	
Energies of Clusters:	-132.411687863	-132.4390181822	-133.0482487063	-133.2777514403	-133.0915815273	-133.2054433321	-132.3379218542	-132.6667446448	-132.3715094343	-132.6356356273	-132.7371397644	-132.8369178451	-132.9098183513	-132.5434018271	-132.3108211226	-132.9504896289	-132.5174731537	-132.464642559	-132.8107494544	-133.016158361	
GA Iteration: 5
Clusters in Pool:	33(1)	29(1)	100(5)	71(4)	73(4)	43(2)	60(3)	63(3)	9(0)	75(4)	26(1)	86(5)	91(5)	22(1)	85(5)	93(5)	51(2)	62(3)	80(4)	31(1)	
Energies of Clusters:	-132.411687863	-132.4390181822	-133.0564928041	-133.2777514403	-133.0915815273	-133.2054433321	-132.3379218542	-132.6667446448	-132.3715094343	-132.6356356273	-132.7371397644	-132.8527342561	-132.919042193	-132.5434018271	-132.6081060909	-132.9508198488	-132.5174731537	-132.464642559	-132.8107494544	-133.016158361	
GA Iteration: 6
Clusters in Pool:	112(6)	29(1)	100(5)	71(4)	111(6)	43(2)	116(6)	106(6)	108(6)	109(6)	110(6)	86(5)	91(5)	22(1)	85(5)	93(5)	51(2)	62(3)	80(4)	31(1)	
Energies of Clusters:	-132.7797894489	-132.4390181822	-133.0564928041	-133.2777514403	-133.1005403971	-133.2054433321	-133.35638219	-132.672989667	-133.1485938472	-132.6420901342	-132.7523416093	-132.8527342561	-132.919042193	-132.5434018271	-132.6081060909	-132.9508198488	-132.5174731537	-132.464642559	-132.8107494544	-133.016158361	
GA Iteration: 7
Clusters in Pool:	112(6)	117(7)	123(7)	71(4)	130(7)	43(2)	125(7)	106(6)	108(6)	121(7)	129(7)	86(5)	91(5)	22(1)	85(5)	93(5)	126(7)	120(7)	80(4)	128(7)	
Energies of Clusters:	-132.7797894489	-133.3343251441	-133.0760413897	-133.2777514403	-133.118847298	-133.2054433321	-133.360731088	-132.672989667	-133.1485938472	-132.6437155832	-132.7542595223	-132.8527342561	-132.919042193	-132.5434018271	-132.6081060909	-132.9508198488	-132.8860237712	-133.04388749	-132.8107494544	-133.0185282371	
GA Iteration: 8
Clusters in Pool:	112(6)	117(7)	123(7)	71(4)	146(8)	137(8)	125(7)	147(8)	145(8)	121(7)	129(7)	141(8)	143(8)	138(8)	85(5)	93(5)	136(8)	120(7)	80(4)	128(7)	
Energies of Clusters:	-132.7797894489	-133.3343251441	-133.0760413897	-133.2777514403	-133.1209332266	-133.2159198702	-133.360731088	-132.6752376239	-133.1628058342	-132.6437155832	-132.7542595223	-132.8553153443	-132.9205868994	-132.9901038761	-132.6081060909	-132.9508198488	-132.894920405	-133.04388749	-132.8107494544	-133.0185282371	
GA Iteration: 9
Clusters in Pool:	155(9)	117(7)	164(9)	71(4)	146(8)	137(8)	125(7)	147(8)	145(8)	121(7)	129(7)	141(8)	143(8)	138(8)	153(9)	93(5)	136(8)	120(7)	150(9)	128(7)	
Energies of Clusters:	-132.7808554057	-133.3343251441	-133.0843854185	-133.2777514403	-133.1209332266	-133.2159198702	-133.360731088	-132.6752376239	-133.1628058342	-132.6437155832	-132.7542595223	-132.8553153443	-132.9205868994	-132.9901038761	-132.7172261817	-132.9508198488	-132.894920405	-133.04388749	-132.8260425564	-133.0185282371	
GA Iteration: 10
Clusters in Pool:	155(9)	117(7)	164(9)	171(10)	146(8)	137(8)	125(7)	147(8)	169(10)	180(10)	129(7)	141(8)	165(10)	138(8)	153(9)	93(5)	136(8)	120(7)	150(9)	128(7)	
Energies of Clusters:	-132.7808554057	-133.3343251441	-133.0843854185	-133.3003023796	-133.1209332266	-133.2159198702	-133.360731088	-132.6752376239	-133.1758922311	-133.2635375769	-132.7542595223	-132.8553153443	-132.9232937778	-132.9901038761	-132.7172261817	-132.9508198488	-132.894920405	-133.04388749	-132.8260425564	-133.0185282371	
GA Iteration: 11
Clusters in Pool:	155(9)	117(7)	164(9)	171(10)	146(8)	182(11)	125(7)	147(8)	169(10)	180(10)	129(7)	141(8)	165(10)	138(8)	153(9)	93(5)	136(8)	184(11)	150(9)	128(7)	
Energies of Clusters:	-132.7808554057	-133.3343251441	-133.0843854185	-133.3003023796	-133.1209332266	-133.2321490052	-133.360731088	-132.6752376239	-133.1758922311	-133.2635375769	-132.7542595223	-132.8553153443	-132.9232937778	-132.9901038761	-132.7172261817	-132.9508198488	-132.894920405	-133.0553892711	-132.8260425564	-133.0185282371	
GA Iteration: 12
Clusters in Pool:	155(9)	117(7)	164(9)	171(10)	207(12)	182(11)	125(7)	198(12)	206(12)	180(10)	129(7)	205(12)	165(10)	138(8)	153(9)	93(5)	136(8)	184(11)	150(9)	128(7)	
Energies of Clusters:	-132.7808554057	-133.3343251441	-133.0843854185	-133.3003023796	-133.1455199654	-133.2321490052	-133.360731088	-133.1151312133	-133.198054505	-133.2635375769	-132.7542595223	-132.869082455	-132.9232937778	-132.9901038761	-132.7172261817	-132.9508198488	-132.894920405	-133.0553892711	-132.8260425564	-133.0185282371	
GA Iteration: 13
Clusters in Pool:	218(13)	117(7)	164(9)	227(13)	207(12)	182(11)	214(13)	198(12)	206(12)	180(10)	129(7)	205(12)	165(10)	138(8)	217(13)	222(13)	136(8)	184(11)	150(9)	128(7)	
Energies of Clusters:	-132.7941663112	-133.3343251441	-133.0843854185	-133.3056944895	-133.1455199654	-133.2321490052	-133.3820249478	-133.1151312133	-133.198054505	-133.2635375769	-132.7542595223	-132.869082455	-132.9232937778	-132.9901038761	-132.7221769761	-132.9620908167	-132.894920405	-133.0553892711	-132.8260425564	-133.0185282371	
GA Iteration: 14
Clusters in Pool:	218(13)	117(7)	164(9)	227(13)	207(12)	243(14)	242(14)	198(12)	206(12)	180(10)	129(7)	205(12)	233(14)	138(8)	217(13)	222(13)	241(14)	184(11)	150(9)	128(7)	
Energies of Clusters:	-132.7941663112	-133.3343251441	-133.0843854185	-133.3056944895	-133.1455199654	-133.2383908855	-133.3958225567	-133.1151312133	-133.198054505	-133.2635375769	-132.7542595223	-132.869082455	-132.9354515685	-132.9901038761	-132.7221769761	-132.9620908167	-132.8973574193	-133.0553892711	-132.8260425564	-133.0185282371	
GA Iteration: 15
Clusters in Pool:	218(13)	117(7)	164(9)	227(13)	207(12)	243(14)	242(14)	198(12)	206(12)	180(10)	255(15)	205(12)	233(14)	138(8)	217(13)	222(13)	241(14)	184(11)	150(9)	128(7)	
Energies of Clusters:	-132.7941663112	-133.3343251441	-133.0843854185	-133.3056944895	-133.1455199654	-133.2383908855	-133.3958225567	-133.1151312133	-133.198054505	-133.2635375769	-132.7583684178	-132.869082455	-132.9354515685	-132.9901038761	-132.7221769761	-132.9620908167	-132.8973574193	-133.0553892711	-132.8260425564	-133.0185282371	
GA Iteration: 16
Clusters in Pool:	218(13)	117(7)	164(9)	227(13)	270(16)	243(14)	242(14)	198(12)	262(16)	180(10)	263(16)	205(12)	233(14)	138(8)	217(13)	222(13)	267(16)	184(11)	150(9)	128(7)	
Energies of Clusters:	-132.7941663112	-133.3343251441	-133.0843854185	-133.3056944895	-133.1469403357	-133.2383908855	-133.3958225567	-133.1151312133	-133.2038786262	-133.2635375769	-132.7612957273	-132.869082455	-132.9354515685	-132.9901038761	-132.7221769761	-132.9620908167	-132.9081796293	-133.0553892711	-132.8260425564	-133.0185282371	
GA Iteration: 17
Clusters in Pool:	218(13)	117(7)	164(9)	227(13)	281(17)	243(14)	242(14)	198(12)	277(17)	180(10)	263(16)	205(12)	233(14)	138(8)	284(17)	222(13)	267(16)	184(11)	150(9)	128(7)	
Energies of Clusters:	-132.7941663112	-133.3343251441	-133.0843854185	-133.3056944895	-133.1591029161	-133.2383908855	-133.3958225567	-133.1151312133	-133.2054614578	-133.2635375769	-132.7612957273	-132.869082455	-132.9354515685	-132.9901038761	-133.4544967528	-132.9620908167	-132.9081796293	-133.0553892711	-132.8260425564	-133.0185282371	
GA Iteration: 18
Clusters in Pool:	218(13)	301(18)	164(9)	302(18)	281(17)	243(14)	242(14)	198(12)	277(17)	180(10)	263(16)	298(18)	233(14)	138(8)	284(17)	222(13)	267(16)	184(11)	307(18)	128(7)	
Energies of Clusters:	-132.7941663112	-133.3518151019	-133.0843854185	-133.3071168546	-133.1591029161	-133.2383908855	-133.3958225567	-133.1151312133	-133.2054614578	-133.2635375769	-132.7612957273	-132.8702838924	-132.9354515685	-132.9901038761	-133.4544967528	-132.9620908167	-132.9081796293	-133.0553892711	-132.8320478766	-133.0185282371	
GA Iteration: 19
Clusters in Pool:	218(13)	311(19)	164(9)	314(19)	315(19)	243(14)	242(14)	198(12)	277(17)	180(10)	263(16)	298(18)	233(14)	138(8)	284(17)	222(13)	267(16)	184(11)	307(18)	128(7)	
Energies of Clusters:	-132.7941663112	-133.3679409683	-133.0843854185	-133.3156563227	-133.1771199713	-133.2383908855	-133.3958225567	-133.1151312133	-133.2054614578	-133.2635375769	-132.7612957273	-132.8702838924	-132.9354515685	-132.9901038761	-133.4544967528	-132.9620908167	-132.9081796293	-133.0553892711	-132.8320478766	-133.0185282371	
GA Iteration: 20
Clusters in Pool:	218(13)	311(19)	164(9)	314(19)	315(19)	243(14)	242(14)	198(12)	277(17)	180(10)	263(16)	298(18)	233(14)	338(20)	284(17)	222(13)	267(16)	184(11)	307(18)	128(7)	
Energies of Clusters:	-132.7941663112	-133.3679409683	-133.0843854185	-133.3156563227	-133.1771199713	-133.2383908855	-133.3958225567	-133.1151312133	-133.2054614578	-133.2635375769	-132.7612957273	-132.8702838924	-132.9354515685	-132.9915042792	-133.4544967528	-132.9620908167	-132.9081796293	-133.0553892711	-132.8320478766	-133.0185282371	
GA Iteration: 21
Clusters in Pool:	218(13)	311(19)	164(9)	314(19)	315(19)	341(21)	242(14)	198(12)	277(17)	346(21)	344(21)	298(18)	233(14)	338(20)	284(17)	351(21)	267(16)	184(11)	355(21)	128(7)	
Energies of Clusters:	-132.7941663112	-133.3679409683	-133.0843854185	-133.3156563227	-133.1771199713	-133.2458270127	-133.3958225567	-133.1151312133	-133.2054614578	-133.2775125498	-133.3409018697	-132.8702838924	-132.9354515685	-132.9915042792	-133.4544967528	-132.9658678611	-132.9081796293	-133.0553892711	-132.8379885398	-133.0185282371	
GA Iteration: 22
Clusters in Pool:	218(13)	311(19)	365(22)	314(19)	315(19)	341(21)	242(14)	198(12)	277(17)	346(21)	344(21)	371(22)	367(22)	338(20)	284(17)	351(21)	267(16)	184(11)	355(21)	360(22)	
Energies of Clusters:	-132.7941663112	-133.3679409683	-133.0861210883	-133.3156563227	-133.1771199713	-133.2458270127	-133.3958225567	-133.1151312133	-133.2054614578	-133.2775125498	-133.3409018697	-132.8737061573	-132.9388875922	-132.9915042792	-133.4544967528	-132.9658678611	-132.9081796293	-133.0553892711	-132.8379885398	-133.0201858544	
GA Iteration: 23
Clusters in Pool:	382(23)	311(19)	365(22)	314(19)	315(19)	341(21)	242(14)	198(12)	277(17)	346(21)	344(21)	371(22)	367(22)	338(20)	284(17)	351(21)	267(16)	184(11)	355(21)	360(22)	
Energies of Clusters:	-133.1507444575	-133.3679409683	-133.0861210883	-133.3156563227	-133.1771199713	-133.2458270127	-133.3958225567	-133.1151312133	-133.2054614578	-133.2775125498	-133.3409018697	-132.8737061573	-132.9388875922	-132.9915042792	-133.4544967528	-132.9658678611	-132.9081796293	-133.0553892711	-132.8379885398	-133.0201858544	
GA Iteration: 24
Clusters in Pool:	382(23)	311(19)	365(22)	314(19)	390(24)	341(21)	242(14)	198(12)	277(17)	346(21)	344(21)	371(22)	367(22)	338(20)	284(17)	351(21)	267(16)	184(11)	355(21)	360(22)	
Energies of Clusters:	-133.1507444575	-133.3679409683	-133.0861210883	-133.3156563227	-133.1777208091	-133.2458270127	-133.3958225567	-133.1151312133	-133.2054614578	-133.2775125498	-133.3409018697	-132.8737061573	-132.9388875922	-132.9915042792	-133.4544967528	-132.9658678611	-132.9081796293	-133.0553892711	-132.8379885398	-133.0201858544	
GA Iteration: 25
Clusters in Pool:	382(23)	311(19)	365(22)	314(19)	390(24)	341(21)	242(14)	198(12)	277(17)	346(21)	344(21)	419(25)	367(22)	338(20)	284(17)	351(21)	417(25)	184(11)	355(21)	360(22)	
Energies of Clusters:	-133.1507444575	-133.3679409683	-133.0861210883	-133.3156563227	-133.1777208091	-133.2458270127	-133.3958225567	-133.1151312133	-133.2054614578	-133.2775125498	-133.3409018697	-132.885152308	-132.9388875922	-132.9915042792	-133.4544967528	-132.9658678611	-132.9122368604	-133.0553892711	-132.8379885398	-133.0201858544	
GA Iteration: 26
Clusters in Pool:	382(23)	311(19)	365(22)	314(19)	390(24)	426(26)	242(14)	198(12)	277(17)	346(21)	344(21)	419(25)	367(22)	338(20)	432(26)	351(21)	417(25)	428(26)	430(26)	425(26)	
Energies of Clusters:	-133.1507444575	-133.3679409683	-133.0861210883	-133.3156563227	-133.1777208091	-133.2486393761	-133.3958225567	-133.1151312133	-133.2054614578	-133.2775125498	-133.3409018697	-132.885152308	-132.9388875922	-132.9915042792	-133.4546812175	-132.9658678611	-132.9122368604	-133.060969545	-132.8589295406	-133.0356500397	
GA Iteration: 27
Clusters in Pool:	382(23)	311(19)	365(22)	314(19)	390(24)	426(26)	242(14)	198(12)	277(17)	346(21)	344(21)	419(25)	367(22)	338(20)	432(26)	351(21)	417(25)	428(26)	430(26)	425(26)	
Energies of Clusters:	-133.1507444575	-133.3679409683	-133.0861210883	-133.3156563227	-133.1777208091	-133.2486393761	-133.3958225567	-133.1151312133	-133.2054614578	-133.2775125498	-133.3409018697	-132.885152308	-132.9388875922	-132.9915042792	-133.4546812175	-132.9658678611	-132.9122368604	-133.060969545	-132.8589295406	-133.0356500397	
GA Iteration: 28
Clusters in Pool:	382(23)	462(28)	365(22)	314(19)	390(24)	426(26)	242(14)	198(12)	277(17)	454(28)	344(21)	419(25)	367(22)	338(20)	432(26)	351(21)	417(25)	428(26)	430(26)	425(26)	
Energies of Clusters:	-133.1507444575	-133.3685178566	-133.0861210883	-133.3156563227	-133.1777208091	-133.2486393761	-133.3958225567	-133.1151312133	-133.2054614578	-133.2777688337	-133.3409018697	-132.885152308	-132.9388875922	-132.9915042792	-133.4546812175	-132.9658678611	-132.9122368604	-133.060969545	-132.8589295406	-133.0356500397	
GA Iteration: 29
Clusters in Pool:	382(23)	462(28)	365(22)	314(19)	390(24)	426(26)	242(14)	198(12)	277(17)	477(29)	344(21)	419(25)	367(22)	338(20)	476(29)	351(21)	417(25)	428(26)	430(26)	425(26)	
Energies of Clusters:	-133.1507444575	-133.3685178566	-133.0861210883	-133.3156563227	-133.1777208091	-133.2486393761	-133.3958225567	-133.1151312133	-133.2054614578	-133.2900691661	-133.3409018697	-132.885152308	-132.9388875922	-132.9915042792	-133.4548725593	-132.9658678611	-132.9122368604	-133.060969545	-132.8589295406	-133.0356500397	
GA Iteration: 30
Clusters in Pool:	382(23)	462(28)	365(22)	314(19)	390(24)	426(26)	242(14)	198(12)	277(17)	477(29)	344(21)	419(25)	367(22)	486(30)	476(29)	351(21)	417(25)	428(26)	430(26)	425(26)	
Energies of Clusters:	-133.1507444575	-133.3685178566	-133.0861210883	-133.3156563227	-133.1777208091	-133.2486393761	-133.3958225567	-133.1151312133	-133.2054614578	-133.2900691661	-133.3409018697	-132.885152308	-132.9388875922	-132.9986931715	-133.4548725593	-132.9658678611	-132.9122368604	-133.060969545	-132.8589295406	-133.0356500397	
