This file records all the information about the clusters in the pool and other details about the clusters in the pool. 
--------------------------------
OVERALL DETAILS
Collection name: Population
--------------------------------
GA Iteration: 0
Clusters in Pool:	1(0)	2(0)	3(0)	4(0)	5(0)	6(0)	7(0)	8(0)	9(0)	10(0)	11(0)	12(0)	13(0)	14(0)	15(0)	16(0)	17(0)	18(0)	19(0)	20(0)	
Energies of Clusters:	-164.1605619537	-165.0834897153	-159.0850963665	-163.9523148499	-167.0472650843	-163.3010301765	-167.4363650173	-164.6984627773	-162.4043856527	-160.6422282136	-161.7627036577	-168.0036777592	-165.271447453	-166.0916420609	-165.7940616158	-166.0076218162	-162.3249530037	-166.416647095	-167.1430635875	-163.9688878765	
GA Iteration: 1
Clusters in Pool:	28(1)	27(1)	35(1)	31(1)	5(0)	30(1)	7(0)	22(1)	25(1)	29(1)	23(1)	12(0)	34(1)	14(0)	15(0)	16(0)	26(1)	18(0)	19(0)	32(1)	
Energies of Clusters:	-166.8712841523	-166.101170744	-169.7130170503	-167.220248329	-167.0472650843	-167.348532718	-167.4363650173	-166.282215753	-168.1965162407	-169.5584696868	-168.6418584334	-168.0036777592	-165.9134491913	-166.0916420609	-165.7940616158	-166.0076218162	-168.2978971762	-166.416647095	-167.1430635875	-167.0280737917	
GA Iteration: 2
Clusters in Pool:	40(2)	46(2)	35(1)	31(1)	5(0)	30(1)	7(0)	37(2)	25(1)	39(2)	23(1)	12(0)	52(2)	48(2)	41(2)	47(2)	26(1)	45(2)	19(0)	44(2)	
Energies of Clusters:	-167.3995300953	-168.8633106234	-169.7130170503	-167.220248329	-167.0472650843	-167.348532718	-167.4363650173	-168.3727689838	-168.1965162407	-169.5585285556	-168.6418584334	-168.0036777592	-169.2876716078	-168.9939529336	-170.7112773316	-169.2781715876	-168.2978971762	-168.2318721309	-167.1430635875	-167.0919185478	
GA Iteration: 3
Clusters in Pool:	63(3)	46(2)	35(1)	59(3)	60(3)	54(3)	58(3)	37(2)	25(1)	39(2)	23(1)	64(3)	52(2)	48(2)	41(2)	47(2)	26(1)	45(2)	56(3)	62(3)	
Energies of Clusters:	-168.3480758134	-168.8633106234	-169.7130170503	-168.4354024927	-169.5207964399	-168.4229000149	-168.2288528632	-168.3727689838	-168.1965162407	-169.5585285556	-168.6418584334	-168.1946931965	-169.2876716078	-168.9939529336	-170.7112773316	-169.2781715876	-168.2978971762	-168.2318721309	-169.3934860345	-169.4584627243	
GA Iteration: 4
Clusters in Pool:	72(4)	46(2)	35(1)	59(3)	60(3)	76(4)	79(4)	78(4)	75(4)	39(2)	23(1)	83(4)	52(2)	48(2)	41(2)	47(2)	84(4)	69(4)	74(4)	62(3)	
Energies of Clusters:	-168.9285909321	-168.8633106234	-169.7130170503	-168.4354024927	-169.5207964399	-168.5408535121	-169.9011940825	-168.5940420655	-170.361682589	-169.5585285556	-168.6418584334	-171.0213352559	-169.2876716078	-168.9939529336	-170.7112773316	-169.2781715876	-169.2600408647	-169.7870474054	-169.6005614854	-169.4584627243	
GA Iteration: 5
Clusters in Pool:	72(4)	46(2)	35(1)	93(5)	60(3)	99(5)	79(4)	100(5)	87(5)	39(2)	97(5)	83(4)	52(2)	48(2)	41(2)	47(2)	84(4)	69(4)	74(4)	62(3)	
Energies of Clusters:	-168.9285909321	-168.8633106234	-169.7130170503	-172.8777291602	-169.5207964399	-169.4291540967	-169.9011940825	-169.2961869533	-170.3617008273	-169.5585285556	-168.7408253203	-171.0213352559	-169.2876716078	-168.9939529336	-170.7112773316	-169.2781715876	-169.2600408647	-169.7870474054	-169.6005614854	-169.4584627243	
GA Iteration: 6
Clusters in Pool:	112(6)	111(6)	35(1)	93(5)	60(3)	99(5)	79(4)	100(5)	87(5)	39(2)	102(6)	83(4)	52(2)	101(6)	41(2)	109(6)	116(6)	69(4)	74(4)	62(3)	
Energies of Clusters:	-170.5130228831	-170.869853839	-169.7130170503	-172.8777291602	-169.5207964399	-169.4291540967	-169.9011940825	-169.2961869533	-170.3617008273	-169.5585285556	-172.1249758376	-171.0213352559	-169.2876716078	-169.6479092661	-170.7112773316	-169.3041375244	-169.5080683849	-169.7870474054	-169.6005614854	-169.4584627243	
GA Iteration: 7
Clusters in Pool:	112(6)	111(6)	35(1)	127(7)	60(3)	126(7)	125(7)	117(7)	87(5)	39(2)	102(6)	83(4)	119(7)	101(6)	41(2)	132(7)	116(6)	69(4)	74(4)	62(3)	
Energies of Clusters:	-170.5130228831	-170.869853839	-169.7130170503	-172.877734078	-169.5207964399	-170.4386938416	-169.9012410836	-170.9924590614	-170.3617008273	-169.5585285556	-172.1249758376	-171.0213352559	-171.2997504685	-169.6479092661	-170.7112773316	-170.8259948122	-169.5080683849	-169.7870474054	-169.6005614854	-169.4584627243	
GA Iteration: 8
Clusters in Pool:	112(6)	111(6)	35(1)	127(7)	60(3)	126(7)	125(7)	117(7)	87(5)	39(2)	102(6)	83(4)	119(7)	101(6)	41(2)	132(7)	143(8)	69(4)	74(4)	137(8)	
Energies of Clusters:	-170.5130228831	-170.869853839	-169.7130170503	-172.877734078	-169.5207964399	-170.4386938416	-169.9012410836	-170.9924590614	-170.3617008273	-169.5585285556	-172.1249758376	-171.0213352559	-171.2997504685	-169.6479092661	-170.7112773316	-170.8259948122	-169.8670585096	-169.7870474054	-169.6005614854	-171.6634767138	
GA Iteration: 9
Clusters in Pool:	112(6)	111(6)	154(9)	127(7)	161(9)	126(7)	125(7)	117(7)	87(5)	152(9)	102(6)	83(4)	119(7)	159(9)	41(2)	132(7)	143(8)	69(4)	149(9)	150(9)	
Energies of Clusters:	-170.5130228831	-170.869853839	-169.9663033807	-172.877734078	-170.5327958571	-170.4386938416	-169.9012410836	-170.9924590614	-170.3617008273	-170.1503725138	-172.1249758376	-171.0213352559	-171.2997504685	-170.0332794252	-170.7112773316	-170.8259948122	-169.8670585096	-169.7870474054	-170.0544716806	-171.7734058433	
GA Iteration: 10
Clusters in Pool:	112(6)	111(6)	166(10)	127(7)	161(9)	126(7)	177(10)	117(7)	87(5)	152(9)	102(6)	83(4)	119(7)	159(9)	41(2)	132(7)	174(10)	176(10)	149(9)	150(9)	
Energies of Clusters:	-170.5130228831	-170.869853839	-170.2145805965	-172.877734078	-170.5327958571	-170.4386938416	-170.311277493	-170.9924590614	-170.3617008273	-170.1503725138	-172.1249758376	-171.0213352559	-171.2997504685	-170.0332794252	-170.7112773316	-170.8259948122	-171.1114568249	-172.2005518698	-170.0544716806	-171.7734058433	
GA Iteration: 11
Clusters in Pool:	112(6)	111(6)	166(10)	127(7)	161(9)	126(7)	190(11)	117(7)	87(5)	152(9)	102(6)	83(4)	119(7)	186(11)	41(2)	132(7)	174(10)	182(11)	185(11)	192(11)	
Energies of Clusters:	-170.5130228831	-170.869853839	-170.2145805965	-172.877734078	-170.5327958571	-170.4386938416	-170.3112817341	-170.9924590614	-170.3617008273	-170.1503725138	-172.1249758376	-171.0213352559	-171.2997504685	-171.0163159444	-170.7112773316	-170.8259948122	-171.1114568249	-172.2005525755	-170.3059856343	-171.7734072269	
GA Iteration: 12
Clusters in Pool:	112(6)	111(6)	166(10)	127(7)	161(9)	126(7)	190(11)	117(7)	87(5)	210(12)	102(6)	206(12)	119(7)	186(11)	41(2)	132(7)	174(10)	182(11)	185(11)	192(11)	
Energies of Clusters:	-170.5130228831	-170.869853839	-170.2145805965	-172.877734078	-170.5327958571	-170.4386938416	-170.3112817341	-170.9924590614	-170.3617008273	-170.9650774079	-172.1249758376	-171.0648197599	-171.2997504685	-171.0163159444	-170.7112773316	-170.8259948122	-171.1114568249	-172.2005525755	-170.3059856343	-171.7734072269	
GA Iteration: 13
Clusters in Pool:	112(6)	111(6)	224(13)	127(7)	161(9)	126(7)	190(11)	117(7)	87(5)	210(12)	102(6)	206(12)	119(7)	186(11)	41(2)	132(7)	174(10)	182(11)	227(13)	192(11)	
Energies of Clusters:	-170.5130228831	-170.869853839	-171.9690108387	-172.877734078	-170.5327958571	-170.4386938416	-170.3112817341	-170.9924590614	-170.3617008273	-170.9650774079	-172.1249758376	-171.0648197599	-171.2997504685	-171.0163159444	-170.7112773316	-170.8259948122	-171.1114568249	-172.2005525755	-170.7608026052	-171.7734072269	
GA Iteration: 14
Clusters in Pool:	112(6)	111(6)	224(13)	127(7)	161(9)	126(7)	190(11)	117(7)	87(5)	210(12)	102(6)	206(12)	119(7)	186(11)	41(2)	132(7)	174(10)	182(11)	227(13)	192(11)	
Energies of Clusters:	-170.5130228831	-170.869853839	-171.9690108387	-172.877734078	-170.5327958571	-170.4386938416	-170.3112817341	-170.9924590614	-170.3617008273	-170.9650774079	-172.1249758376	-171.0648197599	-171.2997504685	-171.0163159444	-170.7112773316	-170.8259948122	-171.1114568249	-172.2005525755	-170.7608026052	-171.7734072269	
GA Iteration: 15
Clusters in Pool:	257(15)	111(6)	224(13)	127(7)	161(9)	253(15)	252(15)	117(7)	249(15)	210(12)	102(6)	206(12)	119(7)	186(11)	41(2)	132(7)	174(10)	182(11)	227(13)	192(11)	
Energies of Clusters:	-170.6922932952	-170.869853839	-171.9690108387	-172.877734078	-170.5327958571	-171.0264770852	-173.1343129701	-170.9924590614	-171.7823003156	-170.9650774079	-172.1249758376	-171.0648197599	-171.2997504685	-171.0163159444	-170.7112773316	-170.8259948122	-171.1114568249	-172.2005525755	-170.7608026052	-171.7734072269	
GA Iteration: 16
Clusters in Pool:	257(15)	111(6)	224(13)	127(7)	266(16)	253(15)	252(15)	117(7)	249(15)	269(16)	102(6)	206(12)	119(7)	186(11)	41(2)	132(7)	174(10)	182(11)	227(13)	192(11)	
Energies of Clusters:	-170.6922932952	-170.869853839	-171.9690108387	-172.877734078	-172.2349094274	-171.0264770852	-173.1343129701	-170.9924590614	-171.7823003156	-170.9965864187	-172.1249758376	-171.0648197599	-171.2997504685	-171.0163159444	-170.7112773316	-170.8259948122	-171.1114568249	-172.2005525755	-170.7608026052	-171.7734072269	
GA Iteration: 17
Clusters in Pool:	286(17)	290(17)	224(13)	127(7)	266(16)	253(15)	252(15)	117(7)	249(15)	269(16)	102(6)	206(12)	119(7)	186(11)	41(2)	132(7)	174(10)	182(11)	227(13)	192(11)	
Energies of Clusters:	-170.8209627923	-170.9042405443	-171.9690108387	-172.877734078	-172.2349094274	-171.0264770852	-173.1343129701	-170.9924590614	-171.7823003156	-170.9965864187	-172.1249758376	-171.0648197599	-171.2997504685	-171.0163159444	-170.7112773316	-170.8259948122	-171.1114568249	-172.2005525755	-170.7608026052	-171.7734072269	
GA Iteration: 18
Clusters in Pool:	286(17)	290(17)	224(13)	127(7)	266(16)	253(15)	252(15)	117(7)	293(18)	269(16)	102(6)	206(12)	119(7)	186(11)	41(2)	132(7)	174(10)	182(11)	227(13)	192(11)	
Energies of Clusters:	-170.8209627923	-170.9042405443	-171.9690108387	-172.877734078	-172.2349094274	-171.0264770852	-173.1343129701	-170.9924590614	-171.7823016273	-170.9965864187	-172.1249758376	-171.0648197599	-171.2997504685	-171.0163159444	-170.7112773316	-170.8259948122	-171.1114568249	-172.2005525755	-170.7608026052	-171.7734072269	
GA Iteration: 19
Clusters in Pool:	286(17)	290(17)	224(13)	127(7)	266(16)	253(15)	252(15)	117(7)	293(18)	269(16)	102(6)	206(12)	119(7)	186(11)	41(2)	132(7)	174(10)	321(19)	227(13)	192(11)	
Energies of Clusters:	-170.8209627923	-170.9042405443	-171.9690108387	-172.877734078	-172.2349094274	-171.0264770852	-173.1343129701	-170.9924590614	-171.7823016273	-170.9965864187	-172.1249758376	-171.0648197599	-171.2997504685	-171.0163159444	-170.7112773316	-170.8259948122	-171.1114568249	-172.2266740758	-170.7608026052	-171.7734072269	
GA Iteration: 20
Clusters in Pool:	286(17)	290(17)	224(13)	127(7)	266(16)	253(15)	252(15)	117(7)	293(18)	269(16)	102(6)	206(12)	119(7)	186(11)	331(20)	132(7)	174(10)	321(19)	338(20)	192(11)	
Energies of Clusters:	-170.8209627923	-170.9042405443	-171.9690108387	-172.877734078	-172.2349094274	-171.0264770852	-173.1343129701	-170.9924590614	-171.7823016273	-170.9965864187	-172.1249758376	-171.0648197599	-171.2997504685	-171.0163159444	-171.3595232699	-170.8259948122	-171.1114568249	-172.2266740758	-170.969911555	-171.7734072269	
GA Iteration: 21
Clusters in Pool:	343(21)	290(17)	224(13)	127(7)	266(16)	253(15)	252(15)	117(7)	293(18)	269(16)	102(6)	206(12)	119(7)	186(11)	331(20)	132(7)	174(10)	321(19)	347(21)	192(11)	
Energies of Clusters:	-170.979343289	-170.9042405443	-171.9690108387	-172.877734078	-172.2349094274	-171.0264770852	-173.1343129701	-170.9924590614	-171.7823016273	-170.9965864187	-172.1249758376	-171.0648197599	-171.2997504685	-171.0163159444	-171.3595232699	-170.8259948122	-171.1114568249	-172.2266740758	-171.0195543768	-171.7734072269	
GA Iteration: 22
Clusters in Pool:	343(21)	290(17)	224(13)	127(7)	266(16)	253(15)	252(15)	117(7)	293(18)	269(16)	102(6)	206(12)	119(7)	186(11)	358(22)	363(22)	174(10)	321(19)	347(21)	192(11)	
Energies of Clusters:	-170.979343289	-170.9042405443	-171.9690108387	-172.877734078	-172.2349094274	-171.0264770852	-173.1343129701	-170.9924590614	-171.7823016273	-170.9965864187	-172.1249758376	-171.0648197599	-171.2997504685	-171.0163159444	-171.3595644267	-171.1590432263	-171.1114568249	-172.2266740758	-171.0195543768	-171.7734072269	
GA Iteration: 23
Clusters in Pool:	381(23)	375(23)	224(13)	127(7)	266(16)	253(15)	252(15)	117(7)	293(18)	269(16)	102(6)	206(12)	119(7)	186(11)	358(22)	363(22)	174(10)	321(19)	347(21)	192(11)	
Energies of Clusters:	-171.1517290432	-171.1567075907	-171.9690108387	-172.877734078	-172.2349094274	-171.0264770852	-173.1343129701	-170.9924590614	-171.7823016273	-170.9965864187	-172.1249758376	-171.0648197599	-171.2997504685	-171.0163159444	-171.3595644267	-171.1590432263	-171.1114568249	-172.2266740758	-171.0195543768	-171.7734072269	
GA Iteration: 24
Clusters in Pool:	381(23)	375(23)	224(13)	127(7)	266(16)	253(15)	252(15)	117(7)	293(18)	269(16)	102(6)	206(12)	119(7)	186(11)	358(22)	363(22)	174(10)	321(19)	347(21)	192(11)	
Energies of Clusters:	-171.1517290432	-171.1567075907	-171.9690108387	-172.877734078	-172.2349094274	-171.0264770852	-173.1343129701	-170.9924590614	-171.7823016273	-170.9965864187	-172.1249758376	-171.0648197599	-171.2997504685	-171.0163159444	-171.3595644267	-171.1590432263	-171.1114568249	-172.2266740758	-171.0195543768	-171.7734072269	
GA Iteration: 25
Clusters in Pool:	381(23)	375(23)	224(13)	127(7)	266(16)	253(15)	252(15)	117(7)	293(18)	269(16)	102(6)	206(12)	119(7)	186(11)	358(22)	363(22)	174(10)	321(19)	347(21)	192(11)	
Energies of Clusters:	-171.1517290432	-171.1567075907	-171.9690108387	-172.877734078	-172.2349094274	-171.0264770852	-173.1343129701	-170.9924590614	-171.7823016273	-170.9965864187	-172.1249758376	-171.0648197599	-171.2997504685	-171.0163159444	-171.3595644267	-171.1590432263	-171.1114568249	-172.2266740758	-171.0195543768	-171.7734072269	
GA Iteration: 26
Clusters in Pool:	381(23)	375(23)	224(13)	127(7)	266(16)	253(15)	252(15)	432(26)	293(18)	427(26)	102(6)	206(12)	119(7)	424(26)	358(22)	363(22)	174(10)	321(19)	347(21)	192(11)	
Energies of Clusters:	-171.1517290432	-171.1567075907	-171.9690108387	-172.877734078	-172.2349094274	-171.0264770852	-173.1343129701	-171.37208186	-171.7823016273	-171.1169760677	-172.1249758376	-171.0648197599	-171.2997504685	-171.0406973648	-171.3595644267	-171.1590432263	-171.1114568249	-172.2266740758	-171.0195543768	-171.7734072269	
GA Iteration: 27
Clusters in Pool:	381(23)	375(23)	224(13)	127(7)	266(16)	253(15)	252(15)	432(26)	293(18)	427(26)	102(6)	206(12)	119(7)	424(26)	358(22)	363(22)	174(10)	321(19)	445(27)	192(11)	
Energies of Clusters:	-171.1517290432	-171.1567075907	-171.9690108387	-172.877734078	-172.2349094274	-171.0264770852	-173.1343129701	-171.37208186	-171.7823016273	-171.1169760677	-172.1249758376	-171.0648197599	-171.2997504685	-171.0406973648	-171.3595644267	-171.1590432263	-171.1114568249	-172.2266740758	-171.0970313661	-171.7734072269	
GA Iteration: 28
Clusters in Pool:	381(23)	375(23)	224(13)	127(7)	266(16)	253(15)	252(15)	432(26)	293(18)	455(28)	102(6)	206(12)	119(7)	424(26)	358(22)	363(22)	174(10)	321(19)	445(27)	192(11)	
Energies of Clusters:	-171.1517290432	-171.1567075907	-171.9690108387	-172.877734078	-172.2349094274	-171.0264770852	-173.1343129701	-171.37208186	-171.7823016273	-171.116977504	-172.1249758376	-171.0648197599	-171.2997504685	-171.0406973648	-171.3595644267	-171.1590432263	-171.1114568249	-172.2266740758	-171.0970313661	-171.7734072269	
GA Iteration: 29
Clusters in Pool:	381(23)	375(23)	224(13)	127(7)	266(16)	482(29)	252(15)	432(26)	293(18)	455(28)	102(6)	206(12)	119(7)	424(26)	358(22)	363(22)	174(10)	321(19)	445(27)	192(11)	
Energies of Clusters:	-171.1517290432	-171.1567075907	-171.9690108387	-172.877734078	-172.2349094274	-171.1114644124	-173.1343129701	-171.37208186	-171.7823016273	-171.116977504	-172.1249758376	-171.0648197599	-171.2997504685	-171.0406973648	-171.3595644267	-171.1590432263	-171.1114568249	-172.2266740758	-171.0970313661	-171.7734072269	
GA Iteration: 30
Clusters in Pool:	381(23)	375(23)	224(13)	127(7)	266(16)	482(29)	252(15)	432(26)	293(18)	455(28)	102(6)	206(12)	119(7)	424(26)	358(22)	363(22)	174(10)	321(19)	445(27)	192(11)	
Energies of Clusters:	-171.1517290432	-171.1567075907	-171.9690108387	-172.877734078	-172.2349094274	-171.1114644124	-173.1343129701	-171.37208186	-171.7823016273	-171.116977504	-172.1249758376	-171.0648197599	-171.2997504685	-171.0406973648	-171.3595644267	-171.1590432263	-171.1114568249	-172.2266740758	-171.0970313661	-171.7734072269	
GA Iteration: 31
Clusters in Pool:	381(23)	375(23)	224(13)	127(7)	266(16)	482(29)	252(15)	432(26)	293(18)	455(28)	102(6)	511(31)	119(7)	510(31)	358(22)	363(22)	502(31)	321(19)	445(27)	192(11)	
Energies of Clusters:	-171.1517290432	-171.1567075907	-171.9690108387	-172.877734078	-172.2349094274	-171.1114644124	-173.1343129701	-171.37208186	-171.7823016273	-171.116977504	-172.1249758376	-171.4736740027	-171.2997504685	-171.8906304994	-171.3595644267	-171.1590432263	-171.1114667115	-172.2266740758	-171.0970313661	-171.7734072269	
GA Iteration: 32
Clusters in Pool:	381(23)	375(23)	224(13)	127(7)	266(16)	482(29)	252(15)	432(26)	293(18)	455(28)	102(6)	511(31)	119(7)	510(31)	358(22)	363(22)	502(31)	321(19)	445(27)	192(11)	
Energies of Clusters:	-171.1517290432	-171.1567075907	-171.9690108387	-172.877734078	-172.2349094274	-171.1114644124	-173.1343129701	-171.37208186	-171.7823016273	-171.116977504	-172.1249758376	-171.4736740027	-171.2997504685	-171.8906304994	-171.3595644267	-171.1590432263	-171.1114667115	-172.2266740758	-171.0970313661	-171.7734072269	
GA Iteration: 33
Clusters in Pool:	381(23)	375(23)	224(13)	127(7)	266(16)	482(29)	252(15)	432(26)	293(18)	455(28)	102(6)	511(31)	119(7)	510(31)	358(22)	363(22)	502(31)	321(19)	445(27)	192(11)	
Energies of Clusters:	-171.1517290432	-171.1567075907	-171.9690108387	-172.877734078	-172.2349094274	-171.1114644124	-173.1343129701	-171.37208186	-171.7823016273	-171.116977504	-172.1249758376	-171.4736740027	-171.2997504685	-171.8906304994	-171.3595644267	-171.1590432263	-171.1114667115	-172.2266740758	-171.0970313661	-171.7734072269	
GA Iteration: 34
Clusters in Pool:	381(23)	375(23)	224(13)	127(7)	266(16)	482(29)	252(15)	432(26)	293(18)	455(28)	102(6)	511(31)	119(7)	510(31)	358(22)	363(22)	502(31)	321(19)	445(27)	192(11)	
Energies of Clusters:	-171.1517290432	-171.1567075907	-171.9690108387	-172.877734078	-172.2349094274	-171.1114644124	-173.1343129701	-171.37208186	-171.7823016273	-171.116977504	-172.1249758376	-171.4736740027	-171.2997504685	-171.8906304994	-171.3595644267	-171.1590432263	-171.1114667115	-172.2266740758	-171.0970313661	-171.7734072269	
GA Iteration: 35
Clusters in Pool:	566(35)	375(23)	224(13)	127(7)	266(16)	482(29)	252(15)	432(26)	293(18)	455(28)	102(6)	511(31)	119(7)	510(31)	358(22)	363(22)	502(31)	321(19)	580(35)	192(11)	
Energies of Clusters:	-171.1517296369	-171.1567075907	-171.9690108387	-172.877734078	-172.2349094274	-171.1114644124	-173.1343129701	-171.37208186	-171.7823016273	-171.116977504	-172.1249758376	-171.4736740027	-171.2997504685	-171.8906304994	-171.3595644267	-171.1590432263	-171.1114667115	-172.2266740758	-171.1732095628	-171.7734072269	
GA Iteration: 36
Clusters in Pool:	566(35)	375(23)	224(13)	127(7)	266(16)	482(29)	252(15)	432(26)	293(18)	455(28)	102(6)	511(31)	119(7)	510(31)	358(22)	363(22)	502(31)	321(19)	580(35)	192(11)	
Energies of Clusters:	-171.1517296369	-171.1567075907	-171.9690108387	-172.877734078	-172.2349094274	-171.1114644124	-173.1343129701	-171.37208186	-171.7823016273	-171.116977504	-172.1249758376	-171.4736740027	-171.2997504685	-171.8906304994	-171.3595644267	-171.1590432263	-171.1114667115	-172.2266740758	-171.1732095628	-171.7734072269	
GA Iteration: 37
Clusters in Pool:	566(35)	375(23)	224(13)	127(7)	266(16)	482(29)	252(15)	432(26)	293(18)	455(28)	607(37)	511(31)	119(7)	510(31)	358(22)	363(22)	502(31)	321(19)	580(35)	192(11)	
Energies of Clusters:	-171.1517296369	-171.1567075907	-171.9690108387	-172.877734078	-172.2349094274	-171.1114644124	-173.1343129701	-171.37208186	-171.7823016273	-171.116977504	-172.1249767446	-171.4736740027	-171.2997504685	-171.8906304994	-171.3595644267	-171.1590432263	-171.1114667115	-172.2266740758	-171.1732095628	-171.7734072269	
GA Iteration: 38
Clusters in Pool:	566(35)	375(23)	224(13)	127(7)	266(16)	613(38)	252(15)	432(26)	293(18)	455(28)	607(37)	511(31)	119(7)	510(31)	358(22)	363(22)	502(31)	321(19)	580(35)	192(11)	
Energies of Clusters:	-171.1517296369	-171.1567075907	-171.9690108387	-172.877734078	-172.2349094274	-171.4205236269	-173.1343129701	-171.37208186	-171.7823016273	-171.116977504	-172.1249767446	-171.4736740027	-171.2997504685	-171.8906304994	-171.3595644267	-171.1590432263	-171.1114667115	-172.2266740758	-171.1732095628	-171.7734072269	
GA Iteration: 39
Clusters in Pool:	566(35)	375(23)	224(13)	127(7)	266(16)	613(38)	252(15)	432(26)	293(18)	455(28)	607(37)	511(31)	119(7)	510(31)	358(22)	363(22)	639(39)	321(19)	580(35)	192(11)	
Energies of Clusters:	-171.1517296369	-171.1567075907	-171.9690108387	-172.877734078	-172.2349094274	-171.4205236269	-173.1343129701	-171.37208186	-171.7823016273	-171.116977504	-172.1249767446	-171.4736740027	-171.2997504685	-171.8906304994	-171.3595644267	-171.1590432263	-171.1780326196	-172.2266740758	-171.1732095628	-171.7734072269	
GA Iteration: 40
Clusters in Pool:	566(35)	375(23)	224(13)	127(7)	266(16)	654(40)	252(15)	432(26)	293(18)	455(28)	607(37)	511(31)	119(7)	510(31)	358(22)	363(22)	639(39)	321(19)	580(35)	192(11)	
Energies of Clusters:	-171.1517296369	-171.1567075907	-171.9690108387	-172.877734078	-172.2349094274	-171.4205281521	-173.1343129701	-171.37208186	-171.7823016273	-171.116977504	-172.1249767446	-171.4736740027	-171.2997504685	-171.8906304994	-171.3595644267	-171.1590432263	-171.1780326196	-172.2266740758	-171.1732095628	-171.7734072269	
GA Iteration: 41
Clusters in Pool:	566(35)	375(23)	224(13)	127(7)	266(16)	654(40)	252(15)	432(26)	293(18)	455(28)	607(37)	511(31)	670(41)	510(31)	358(22)	363(22)	639(39)	321(19)	580(35)	192(11)	
Energies of Clusters:	-171.1517296369	-171.1567075907	-171.9690108387	-172.877734078	-172.2349094274	-171.4205281521	-173.1343129701	-171.37208186	-171.7823016273	-171.116977504	-172.1249767446	-171.4736740027	-171.4034469845	-171.8906304994	-171.3595644267	-171.1590432263	-171.1780326196	-172.2266740758	-171.1732095628	-171.7734072269	
GA Iteration: 42
Clusters in Pool:	566(35)	375(23)	224(13)	127(7)	266(16)	654(40)	252(15)	432(26)	293(18)	455(28)	677(42)	511(31)	670(41)	510(31)	358(22)	363(22)	639(39)	321(19)	580(35)	192(11)	
Energies of Clusters:	-171.1517296369	-171.1567075907	-171.9690108387	-172.877734078	-172.2349094274	-171.4205281521	-173.1343129701	-171.37208186	-171.7823016273	-171.116977504	-172.1249792821	-171.4736740027	-171.4034469845	-171.8906304994	-171.3595644267	-171.1590432263	-171.1780326196	-172.2266740758	-171.1732095628	-171.7734072269	
GA Iteration: 43
Clusters in Pool:	566(35)	375(23)	224(13)	127(7)	266(16)	654(40)	252(15)	432(26)	293(18)	455(28)	677(42)	511(31)	670(41)	510(31)	358(22)	363(22)	639(39)	321(19)	580(35)	192(11)	
Energies of Clusters:	-171.1517296369	-171.1567075907	-171.9690108387	-172.877734078	-172.2349094274	-171.4205281521	-173.1343129701	-171.37208186	-171.7823016273	-171.116977504	-172.1249792821	-171.4736740027	-171.4034469845	-171.8906304994	-171.3595644267	-171.1590432263	-171.1780326196	-172.2266740758	-171.1732095628	-171.7734072269	
GA Iteration: 44
Clusters in Pool:	722(44)	375(23)	224(13)	127(7)	266(16)	654(40)	252(15)	432(26)	293(18)	720(44)	677(42)	724(44)	670(41)	510(31)	358(22)	363(22)	639(39)	321(19)	580(35)	192(11)	
Energies of Clusters:	-171.3870086779	-171.1567075907	-171.9690108387	-172.877734078	-172.2349094274	-171.4205281521	-173.1343129701	-171.37208186	-171.7823016273	-173.252372868	-172.1249792821	-171.4736741572	-171.4034469845	-171.8906304994	-171.3595644267	-171.1590432263	-171.1780326196	-172.2266740758	-171.1732095628	-171.7734072269	
GA Iteration: 45
Clusters in Pool:	722(44)	375(23)	224(13)	127(7)	266(16)	654(40)	252(15)	432(26)	293(18)	720(44)	677(42)	724(44)	670(41)	510(31)	358(22)	363(22)	639(39)	321(19)	580(35)	192(11)	
Energies of Clusters:	-171.3870086779	-171.1567075907	-171.9690108387	-172.877734078	-172.2349094274	-171.4205281521	-173.1343129701	-171.37208186	-171.7823016273	-173.252372868	-172.1249792821	-171.4736741572	-171.4034469845	-171.8906304994	-171.3595644267	-171.1590432263	-171.1780326196	-172.2266740758	-171.1732095628	-171.7734072269	
GA Iteration: 46
Clusters in Pool:	722(44)	375(23)	224(13)	127(7)	266(16)	654(40)	252(15)	432(26)	293(18)	720(44)	677(42)	724(44)	670(41)	510(31)	358(22)	363(22)	639(39)	321(19)	580(35)	192(11)	
Energies of Clusters:	-171.3870086779	-171.1567075907	-171.9690108387	-172.877734078	-172.2349094274	-171.4205281521	-173.1343129701	-171.37208186	-171.7823016273	-173.252372868	-172.1249792821	-171.4736741572	-171.4034469845	-171.8906304994	-171.3595644267	-171.1590432263	-171.1780326196	-172.2266740758	-171.1732095628	-171.7734072269	
GA Iteration: 47
Clusters in Pool:	722(44)	375(23)	224(13)	127(7)	266(16)	654(40)	252(15)	432(26)	293(18)	720(44)	677(42)	724(44)	670(41)	510(31)	358(22)	363(22)	639(39)	321(19)	580(35)	192(11)	
Energies of Clusters:	-171.3870086779	-171.1567075907	-171.9690108387	-172.877734078	-172.2349094274	-171.4205281521	-173.1343129701	-171.37208186	-171.7823016273	-173.252372868	-172.1249792821	-171.4736741572	-171.4034469845	-171.8906304994	-171.3595644267	-171.1590432263	-171.1780326196	-172.2266740758	-171.1732095628	-171.7734072269	
GA Iteration: 48
Clusters in Pool:	722(44)	375(23)	224(13)	127(7)	266(16)	654(40)	780(48)	432(26)	293(18)	775(48)	677(42)	724(44)	670(41)	510(31)	358(22)	363(22)	639(39)	321(19)	580(35)	192(11)	
Energies of Clusters:	-171.3870086779	-171.1567075907	-171.9690108387	-172.877734078	-172.2349094274	-171.4205281521	-173.1343147541	-171.37208186	-171.7823016273	-173.2523738229	-172.1249792821	-171.4736741572	-171.4034469845	-171.8906304994	-171.3595644267	-171.1590432263	-171.1780326196	-172.2266740758	-171.1732095628	-171.7734072269	
GA Iteration: 49
Clusters in Pool:	722(44)	375(23)	224(13)	127(7)	266(16)	654(40)	780(48)	432(26)	293(18)	775(48)	677(42)	724(44)	670(41)	510(31)	358(22)	363(22)	639(39)	321(19)	580(35)	192(11)	
Energies of Clusters:	-171.3870086779	-171.1567075907	-171.9690108387	-172.877734078	-172.2349094274	-171.4205281521	-173.1343147541	-171.37208186	-171.7823016273	-173.2523738229	-172.1249792821	-171.4736741572	-171.4034469845	-171.8906304994	-171.3595644267	-171.1590432263	-171.1780326196	-172.2266740758	-171.1732095628	-171.7734072269	
GA Iteration: 50
Clusters in Pool:	722(44)	375(23)	224(13)	127(7)	266(16)	654(40)	780(48)	432(26)	293(18)	775(48)	677(42)	724(44)	670(41)	510(31)	358(22)	815(50)	639(39)	809(50)	580(35)	192(11)	
Energies of Clusters:	-171.3870086779	-171.1567075907	-171.9690108387	-172.877734078	-172.2349094274	-171.4205281521	-173.1343147541	-171.37208186	-171.7823016273	-173.2523738229	-172.1249792821	-171.4736741572	-171.4034469845	-171.8906304994	-171.3595644267	-171.2460148938	-171.1780326196	-172.2307084364	-171.1732095628	-171.7734072269	
